{
 "cells": [
  {
   "cell_type": "code",
   "execution_count": 2,
   "metadata": {},
   "outputs": [
    {
     "data": {
      "text/html": [
       "\n",
       "    <div class=\"bk-root\">\n",
       "        <a href=\"https://bokeh.org\" target=\"_blank\" class=\"bk-logo bk-logo-small bk-logo-notebook\"></a>\n",
       "        <span id=\"1001\">Loading BokehJS ...</span>\n",
       "    </div>"
      ]
     },
     "metadata": {},
     "output_type": "display_data"
    },
    {
     "data": {
      "application/javascript": [
       "\n",
       "(function(root) {\n",
       "  function now() {\n",
       "    return new Date();\n",
       "  }\n",
       "\n",
       "  var force = true;\n",
       "\n",
       "  if (typeof root._bokeh_onload_callbacks === \"undefined\" || force === true) {\n",
       "    root._bokeh_onload_callbacks = [];\n",
       "    root._bokeh_is_loading = undefined;\n",
       "  }\n",
       "\n",
       "  var JS_MIME_TYPE = 'application/javascript';\n",
       "  var HTML_MIME_TYPE = 'text/html';\n",
       "  var EXEC_MIME_TYPE = 'application/vnd.bokehjs_exec.v0+json';\n",
       "  var CLASS_NAME = 'output_bokeh rendered_html';\n",
       "\n",
       "  /**\n",
       "   * Render data to the DOM node\n",
       "   */\n",
       "  function render(props, node) {\n",
       "    var script = document.createElement(\"script\");\n",
       "    node.appendChild(script);\n",
       "  }\n",
       "\n",
       "  /**\n",
       "   * Handle when an output is cleared or removed\n",
       "   */\n",
       "  function handleClearOutput(event, handle) {\n",
       "    var cell = handle.cell;\n",
       "\n",
       "    var id = cell.output_area._bokeh_element_id;\n",
       "    var server_id = cell.output_area._bokeh_server_id;\n",
       "    // Clean up Bokeh references\n",
       "    if (id != null && id in Bokeh.index) {\n",
       "      Bokeh.index[id].model.document.clear();\n",
       "      delete Bokeh.index[id];\n",
       "    }\n",
       "\n",
       "    if (server_id !== undefined) {\n",
       "      // Clean up Bokeh references\n",
       "      var cmd = \"from bokeh.io.state import curstate; print(curstate().uuid_to_server['\" + server_id + \"'].get_sessions()[0].document.roots[0]._id)\";\n",
       "      cell.notebook.kernel.execute(cmd, {\n",
       "        iopub: {\n",
       "          output: function(msg) {\n",
       "            var id = msg.content.text.trim();\n",
       "            if (id in Bokeh.index) {\n",
       "              Bokeh.index[id].model.document.clear();\n",
       "              delete Bokeh.index[id];\n",
       "            }\n",
       "          }\n",
       "        }\n",
       "      });\n",
       "      // Destroy server and session\n",
       "      var cmd = \"import bokeh.io.notebook as ion; ion.destroy_server('\" + server_id + \"')\";\n",
       "      cell.notebook.kernel.execute(cmd);\n",
       "    }\n",
       "  }\n",
       "\n",
       "  /**\n",
       "   * Handle when a new output is added\n",
       "   */\n",
       "  function handleAddOutput(event, handle) {\n",
       "    var output_area = handle.output_area;\n",
       "    var output = handle.output;\n",
       "\n",
       "    // limit handleAddOutput to display_data with EXEC_MIME_TYPE content only\n",
       "    if ((output.output_type != \"display_data\") || (!output.data.hasOwnProperty(EXEC_MIME_TYPE))) {\n",
       "      return\n",
       "    }\n",
       "\n",
       "    var toinsert = output_area.element.find(\".\" + CLASS_NAME.split(' ')[0]);\n",
       "\n",
       "    if (output.metadata[EXEC_MIME_TYPE][\"id\"] !== undefined) {\n",
       "      toinsert[toinsert.length - 1].firstChild.textContent = output.data[JS_MIME_TYPE];\n",
       "      // store reference to embed id on output_area\n",
       "      output_area._bokeh_element_id = output.metadata[EXEC_MIME_TYPE][\"id\"];\n",
       "    }\n",
       "    if (output.metadata[EXEC_MIME_TYPE][\"server_id\"] !== undefined) {\n",
       "      var bk_div = document.createElement(\"div\");\n",
       "      bk_div.innerHTML = output.data[HTML_MIME_TYPE];\n",
       "      var script_attrs = bk_div.children[0].attributes;\n",
       "      for (var i = 0; i < script_attrs.length; i++) {\n",
       "        toinsert[toinsert.length - 1].firstChild.setAttribute(script_attrs[i].name, script_attrs[i].value);\n",
       "        toinsert[toinsert.length - 1].firstChild.textContent = bk_div.children[0].textContent\n",
       "      }\n",
       "      // store reference to server id on output_area\n",
       "      output_area._bokeh_server_id = output.metadata[EXEC_MIME_TYPE][\"server_id\"];\n",
       "    }\n",
       "  }\n",
       "\n",
       "  function register_renderer(events, OutputArea) {\n",
       "\n",
       "    function append_mime(data, metadata, element) {\n",
       "      // create a DOM node to render to\n",
       "      var toinsert = this.create_output_subarea(\n",
       "        metadata,\n",
       "        CLASS_NAME,\n",
       "        EXEC_MIME_TYPE\n",
       "      );\n",
       "      this.keyboard_manager.register_events(toinsert);\n",
       "      // Render to node\n",
       "      var props = {data: data, metadata: metadata[EXEC_MIME_TYPE]};\n",
       "      render(props, toinsert[toinsert.length - 1]);\n",
       "      element.append(toinsert);\n",
       "      return toinsert\n",
       "    }\n",
       "\n",
       "    /* Handle when an output is cleared or removed */\n",
       "    events.on('clear_output.CodeCell', handleClearOutput);\n",
       "    events.on('delete.Cell', handleClearOutput);\n",
       "\n",
       "    /* Handle when a new output is added */\n",
       "    events.on('output_added.OutputArea', handleAddOutput);\n",
       "\n",
       "    /**\n",
       "     * Register the mime type and append_mime function with output_area\n",
       "     */\n",
       "    OutputArea.prototype.register_mime_type(EXEC_MIME_TYPE, append_mime, {\n",
       "      /* Is output safe? */\n",
       "      safe: true,\n",
       "      /* Index of renderer in `output_area.display_order` */\n",
       "      index: 0\n",
       "    });\n",
       "  }\n",
       "\n",
       "  // register the mime type if in Jupyter Notebook environment and previously unregistered\n",
       "  if (root.Jupyter !== undefined) {\n",
       "    var events = require('base/js/events');\n",
       "    var OutputArea = require('notebook/js/outputarea').OutputArea;\n",
       "\n",
       "    if (OutputArea.prototype.mime_types().indexOf(EXEC_MIME_TYPE) == -1) {\n",
       "      register_renderer(events, OutputArea);\n",
       "    }\n",
       "  }\n",
       "\n",
       "  \n",
       "  if (typeof (root._bokeh_timeout) === \"undefined\" || force === true) {\n",
       "    root._bokeh_timeout = Date.now() + 5000;\n",
       "    root._bokeh_failed_load = false;\n",
       "  }\n",
       "\n",
       "  var NB_LOAD_WARNING = {'data': {'text/html':\n",
       "     \"<div style='background-color: #fdd'>\\n\"+\n",
       "     \"<p>\\n\"+\n",
       "     \"BokehJS does not appear to have successfully loaded. If loading BokehJS from CDN, this \\n\"+\n",
       "     \"may be due to a slow or bad network connection. Possible fixes:\\n\"+\n",
       "     \"</p>\\n\"+\n",
       "     \"<ul>\\n\"+\n",
       "     \"<li>re-rerun `output_notebook()` to attempt to load from CDN again, or</li>\\n\"+\n",
       "     \"<li>use INLINE resources instead, as so:</li>\\n\"+\n",
       "     \"</ul>\\n\"+\n",
       "     \"<code>\\n\"+\n",
       "     \"from bokeh.resources import INLINE\\n\"+\n",
       "     \"output_notebook(resources=INLINE)\\n\"+\n",
       "     \"</code>\\n\"+\n",
       "     \"</div>\"}};\n",
       "\n",
       "  function display_loaded() {\n",
       "    var el = document.getElementById(\"1001\");\n",
       "    if (el != null) {\n",
       "      el.textContent = \"BokehJS is loading...\";\n",
       "    }\n",
       "    if (root.Bokeh !== undefined) {\n",
       "      if (el != null) {\n",
       "        el.textContent = \"BokehJS \" + root.Bokeh.version + \" successfully loaded.\";\n",
       "      }\n",
       "    } else if (Date.now() < root._bokeh_timeout) {\n",
       "      setTimeout(display_loaded, 100)\n",
       "    }\n",
       "  }\n",
       "\n",
       "\n",
       "  function run_callbacks() {\n",
       "    try {\n",
       "      root._bokeh_onload_callbacks.forEach(function(callback) {\n",
       "        if (callback != null)\n",
       "          callback();\n",
       "      });\n",
       "    } finally {\n",
       "      delete root._bokeh_onload_callbacks\n",
       "    }\n",
       "    console.debug(\"Bokeh: all callbacks have finished\");\n",
       "  }\n",
       "\n",
       "  function load_libs(css_urls, js_urls, callback) {\n",
       "    if (css_urls == null) css_urls = [];\n",
       "    if (js_urls == null) js_urls = [];\n",
       "\n",
       "    root._bokeh_onload_callbacks.push(callback);\n",
       "    if (root._bokeh_is_loading > 0) {\n",
       "      console.debug(\"Bokeh: BokehJS is being loaded, scheduling callback at\", now());\n",
       "      return null;\n",
       "    }\n",
       "    if (js_urls == null || js_urls.length === 0) {\n",
       "      run_callbacks();\n",
       "      return null;\n",
       "    }\n",
       "    console.debug(\"Bokeh: BokehJS not loaded, scheduling load and callback at\", now());\n",
       "    root._bokeh_is_loading = css_urls.length + js_urls.length;\n",
       "\n",
       "    function on_load() {\n",
       "      root._bokeh_is_loading--;\n",
       "      if (root._bokeh_is_loading === 0) {\n",
       "        console.debug(\"Bokeh: all BokehJS libraries/stylesheets loaded\");\n",
       "        run_callbacks()\n",
       "      }\n",
       "    }\n",
       "\n",
       "    function on_error() {\n",
       "      console.error(\"failed to load \" + url);\n",
       "    }\n",
       "\n",
       "    for (var i = 0; i < css_urls.length; i++) {\n",
       "      var url = css_urls[i];\n",
       "      const element = document.createElement(\"link\");\n",
       "      element.onload = on_load;\n",
       "      element.onerror = on_error;\n",
       "      element.rel = \"stylesheet\";\n",
       "      element.type = \"text/css\";\n",
       "      element.href = url;\n",
       "      console.debug(\"Bokeh: injecting link tag for BokehJS stylesheet: \", url);\n",
       "      document.body.appendChild(element);\n",
       "    }\n",
       "\n",
       "    const hashes = {\"https://cdn.bokeh.org/bokeh/release/bokeh-2.2.3.min.js\": \"T2yuo9Oe71Cz/I4X9Ac5+gpEa5a8PpJCDlqKYO0CfAuEszu1JrXLl8YugMqYe3sM\", \"https://cdn.bokeh.org/bokeh/release/bokeh-widgets-2.2.3.min.js\": \"98GDGJ0kOMCUMUePhksaQ/GYgB3+NH9h996V88sh3aOiUNX3N+fLXAtry6xctSZ6\", \"https://cdn.bokeh.org/bokeh/release/bokeh-tables-2.2.3.min.js\": \"89bArO+nlbP3sgakeHjCo1JYxYR5wufVgA3IbUvDY+K7w4zyxJqssu7wVnfeKCq8\"};\n",
       "\n",
       "    for (var i = 0; i < js_urls.length; i++) {\n",
       "      var url = js_urls[i];\n",
       "      var element = document.createElement('script');\n",
       "      element.onload = on_load;\n",
       "      element.onerror = on_error;\n",
       "      element.async = false;\n",
       "      element.src = url;\n",
       "      if (url in hashes) {\n",
       "        element.crossOrigin = \"anonymous\";\n",
       "        element.integrity = \"sha384-\" + hashes[url];\n",
       "      }\n",
       "      console.debug(\"Bokeh: injecting script tag for BokehJS library: \", url);\n",
       "      document.head.appendChild(element);\n",
       "    }\n",
       "  };\n",
       "\n",
       "  function inject_raw_css(css) {\n",
       "    const element = document.createElement(\"style\");\n",
       "    element.appendChild(document.createTextNode(css));\n",
       "    document.body.appendChild(element);\n",
       "  }\n",
       "\n",
       "  \n",
       "  var js_urls = [\"https://cdn.bokeh.org/bokeh/release/bokeh-2.2.3.min.js\", \"https://cdn.bokeh.org/bokeh/release/bokeh-widgets-2.2.3.min.js\", \"https://cdn.bokeh.org/bokeh/release/bokeh-tables-2.2.3.min.js\"];\n",
       "  var css_urls = [];\n",
       "  \n",
       "\n",
       "  var inline_js = [\n",
       "    function(Bokeh) {\n",
       "      Bokeh.set_log_level(\"info\");\n",
       "    },\n",
       "    function(Bokeh) {\n",
       "    \n",
       "    \n",
       "    }\n",
       "  ];\n",
       "\n",
       "  function run_inline_js() {\n",
       "    \n",
       "    if (root.Bokeh !== undefined || force === true) {\n",
       "      \n",
       "    for (var i = 0; i < inline_js.length; i++) {\n",
       "      inline_js[i].call(root, root.Bokeh);\n",
       "    }\n",
       "    if (force === true) {\n",
       "        display_loaded();\n",
       "      }} else if (Date.now() < root._bokeh_timeout) {\n",
       "      setTimeout(run_inline_js, 100);\n",
       "    } else if (!root._bokeh_failed_load) {\n",
       "      console.log(\"Bokeh: BokehJS failed to load within specified timeout.\");\n",
       "      root._bokeh_failed_load = true;\n",
       "    } else if (force !== true) {\n",
       "      var cell = $(document.getElementById(\"1001\")).parents('.cell').data().cell;\n",
       "      cell.output_area.append_execute_result(NB_LOAD_WARNING)\n",
       "    }\n",
       "\n",
       "  }\n",
       "\n",
       "  if (root._bokeh_is_loading === 0) {\n",
       "    console.debug(\"Bokeh: BokehJS loaded, going straight to plotting\");\n",
       "    run_inline_js();\n",
       "  } else {\n",
       "    load_libs(css_urls, js_urls, function() {\n",
       "      console.debug(\"Bokeh: BokehJS plotting callback run at\", now());\n",
       "      run_inline_js();\n",
       "    });\n",
       "  }\n",
       "}(window));"
      ],
      "application/vnd.bokehjs_load.v0+json": "\n(function(root) {\n  function now() {\n    return new Date();\n  }\n\n  var force = true;\n\n  if (typeof root._bokeh_onload_callbacks === \"undefined\" || force === true) {\n    root._bokeh_onload_callbacks = [];\n    root._bokeh_is_loading = undefined;\n  }\n\n  \n\n  \n  if (typeof (root._bokeh_timeout) === \"undefined\" || force === true) {\n    root._bokeh_timeout = Date.now() + 5000;\n    root._bokeh_failed_load = false;\n  }\n\n  var NB_LOAD_WARNING = {'data': {'text/html':\n     \"<div style='background-color: #fdd'>\\n\"+\n     \"<p>\\n\"+\n     \"BokehJS does not appear to have successfully loaded. If loading BokehJS from CDN, this \\n\"+\n     \"may be due to a slow or bad network connection. Possible fixes:\\n\"+\n     \"</p>\\n\"+\n     \"<ul>\\n\"+\n     \"<li>re-rerun `output_notebook()` to attempt to load from CDN again, or</li>\\n\"+\n     \"<li>use INLINE resources instead, as so:</li>\\n\"+\n     \"</ul>\\n\"+\n     \"<code>\\n\"+\n     \"from bokeh.resources import INLINE\\n\"+\n     \"output_notebook(resources=INLINE)\\n\"+\n     \"</code>\\n\"+\n     \"</div>\"}};\n\n  function display_loaded() {\n    var el = document.getElementById(\"1001\");\n    if (el != null) {\n      el.textContent = \"BokehJS is loading...\";\n    }\n    if (root.Bokeh !== undefined) {\n      if (el != null) {\n        el.textContent = \"BokehJS \" + root.Bokeh.version + \" successfully loaded.\";\n      }\n    } else if (Date.now() < root._bokeh_timeout) {\n      setTimeout(display_loaded, 100)\n    }\n  }\n\n\n  function run_callbacks() {\n    try {\n      root._bokeh_onload_callbacks.forEach(function(callback) {\n        if (callback != null)\n          callback();\n      });\n    } finally {\n      delete root._bokeh_onload_callbacks\n    }\n    console.debug(\"Bokeh: all callbacks have finished\");\n  }\n\n  function load_libs(css_urls, js_urls, callback) {\n    if (css_urls == null) css_urls = [];\n    if (js_urls == null) js_urls = [];\n\n    root._bokeh_onload_callbacks.push(callback);\n    if (root._bokeh_is_loading > 0) {\n      console.debug(\"Bokeh: BokehJS is being loaded, scheduling callback at\", now());\n      return null;\n    }\n    if (js_urls == null || js_urls.length === 0) {\n      run_callbacks();\n      return null;\n    }\n    console.debug(\"Bokeh: BokehJS not loaded, scheduling load and callback at\", now());\n    root._bokeh_is_loading = css_urls.length + js_urls.length;\n\n    function on_load() {\n      root._bokeh_is_loading--;\n      if (root._bokeh_is_loading === 0) {\n        console.debug(\"Bokeh: all BokehJS libraries/stylesheets loaded\");\n        run_callbacks()\n      }\n    }\n\n    function on_error() {\n      console.error(\"failed to load \" + url);\n    }\n\n    for (var i = 0; i < css_urls.length; i++) {\n      var url = css_urls[i];\n      const element = document.createElement(\"link\");\n      element.onload = on_load;\n      element.onerror = on_error;\n      element.rel = \"stylesheet\";\n      element.type = \"text/css\";\n      element.href = url;\n      console.debug(\"Bokeh: injecting link tag for BokehJS stylesheet: \", url);\n      document.body.appendChild(element);\n    }\n\n    const hashes = {\"https://cdn.bokeh.org/bokeh/release/bokeh-2.2.3.min.js\": \"T2yuo9Oe71Cz/I4X9Ac5+gpEa5a8PpJCDlqKYO0CfAuEszu1JrXLl8YugMqYe3sM\", \"https://cdn.bokeh.org/bokeh/release/bokeh-widgets-2.2.3.min.js\": \"98GDGJ0kOMCUMUePhksaQ/GYgB3+NH9h996V88sh3aOiUNX3N+fLXAtry6xctSZ6\", \"https://cdn.bokeh.org/bokeh/release/bokeh-tables-2.2.3.min.js\": \"89bArO+nlbP3sgakeHjCo1JYxYR5wufVgA3IbUvDY+K7w4zyxJqssu7wVnfeKCq8\"};\n\n    for (var i = 0; i < js_urls.length; i++) {\n      var url = js_urls[i];\n      var element = document.createElement('script');\n      element.onload = on_load;\n      element.onerror = on_error;\n      element.async = false;\n      element.src = url;\n      if (url in hashes) {\n        element.crossOrigin = \"anonymous\";\n        element.integrity = \"sha384-\" + hashes[url];\n      }\n      console.debug(\"Bokeh: injecting script tag for BokehJS library: \", url);\n      document.head.appendChild(element);\n    }\n  };\n\n  function inject_raw_css(css) {\n    const element = document.createElement(\"style\");\n    element.appendChild(document.createTextNode(css));\n    document.body.appendChild(element);\n  }\n\n  \n  var js_urls = [\"https://cdn.bokeh.org/bokeh/release/bokeh-2.2.3.min.js\", \"https://cdn.bokeh.org/bokeh/release/bokeh-widgets-2.2.3.min.js\", \"https://cdn.bokeh.org/bokeh/release/bokeh-tables-2.2.3.min.js\"];\n  var css_urls = [];\n  \n\n  var inline_js = [\n    function(Bokeh) {\n      Bokeh.set_log_level(\"info\");\n    },\n    function(Bokeh) {\n    \n    \n    }\n  ];\n\n  function run_inline_js() {\n    \n    if (root.Bokeh !== undefined || force === true) {\n      \n    for (var i = 0; i < inline_js.length; i++) {\n      inline_js[i].call(root, root.Bokeh);\n    }\n    if (force === true) {\n        display_loaded();\n      }} else if (Date.now() < root._bokeh_timeout) {\n      setTimeout(run_inline_js, 100);\n    } else if (!root._bokeh_failed_load) {\n      console.log(\"Bokeh: BokehJS failed to load within specified timeout.\");\n      root._bokeh_failed_load = true;\n    } else if (force !== true) {\n      var cell = $(document.getElementById(\"1001\")).parents('.cell').data().cell;\n      cell.output_area.append_execute_result(NB_LOAD_WARNING)\n    }\n\n  }\n\n  if (root._bokeh_is_loading === 0) {\n    console.debug(\"Bokeh: BokehJS loaded, going straight to plotting\");\n    run_inline_js();\n  } else {\n    load_libs(css_urls, js_urls, function() {\n      console.debug(\"Bokeh: BokehJS plotting callback run at\", now());\n      run_inline_js();\n    });\n  }\n}(window));"
     },
     "metadata": {},
     "output_type": "display_data"
    }
   ],
   "source": [
    "import os\n",
    "import json\n",
    "import numpy as np\n",
    "import pandas as pd\n",
    "\n",
    "import colorcet as cc\n",
    "\n",
    "from ConceptAccessor import ConceptAccessor\n",
    "\n",
    "from bokeh.io import push_notebook, show, output_notebook\n",
    "from bokeh.plotting import figure\n",
    "from bokeh.models.tools import HoverTool\n",
    "from bokeh.models import ColumnDataSource\n",
    "output_notebook()"
   ]
  },
  {
   "cell_type": "code",
   "execution_count": 3,
   "metadata": {},
   "outputs": [],
   "source": [
    "# load ideas\n",
    "ideas = ConceptAccessor(\"all_ideas.yaml\")\n",
    "\n",
    "def pos(idea_id):\n",
    "    return int(idea_id.split('_')[1]) - 1\n",
    "\n",
    "def print_pair(i,j):\n",
    "    if i > j:\n",
    "        i, j = j, i\n",
    "    idea_i, idea_j = ideas.idea_dictionary[i], ideas.idea_dictionary[j]\n",
    "    print(f\"{idea_i['id']}: {idea_i['content']}\")\n",
    "    print(f\"{idea_j['id']}: {idea_j['content']}\")\n",
    "        \n",
    "\n",
    "similarity_map = {}\n",
    "for idea_id in ideas.get_ideas():\n",
    "    similarity_map[idea_id] = {}\n",
    "\n",
    "def load_similarities(file_path):\n",
    "    with open(file_path) as json_file:\n",
    "        json_data = json.load(json_file)\n",
    "        return np.asarray(json_data['similarities'], dtype=np.float64)\n"
   ]
  },
  {
   "cell_type": "code",
   "execution_count": 4,
   "metadata": {},
   "outputs": [],
   "source": [
    "directory = os.path.abspath('./_json/manual_intuitive_measures/')\n",
    "similarities = []\n",
    "for filename in os.listdir(directory):\n",
    "    if filename.endswith(\".json\"):\n",
    "        similarities.append(load_similarities(os.path.join(directory, filename)))\n",
    "        \n",
    "np_similarities = np.array(similarities)\n",
    "\n",
    "intuitive_average = np.average(np_similarities, axis=0)\n",
    "intuitive_variance = np.var(np_similarities, axis=0)"
   ]
  },
  {
   "cell_type": "code",
   "execution_count": 5,
   "metadata": {},
   "outputs": [],
   "source": [
    "main_dir = os.path.abspath('./_json/')\n",
    "measure_types = ['direct_feature_based', 'indirect_feature_based', 'indirect_information_based', 'universal_sentence_encoder']\n",
    "\n",
    "measures = {}\n",
    "\n",
    "for measure_type in measure_types:\n",
    "    measures[measure_type] = {}\n",
    "    curr_dir = os.path.join(main_dir,measure_type)\n",
    "    for filename in os.listdir(curr_dir):\n",
    "        if filename.endswith(\".json\"):\n",
    "            measure_name = filename.split('.')[0]\n",
    "            measures[measure_type][measure_name] = load_similarities(os.path.join(curr_dir, filename))"
   ]
  },
  {
   "cell_type": "code",
   "execution_count": 36,
   "metadata": {},
   "outputs": [
    {
     "data": {
      "text/plain": [
       "20"
      ]
     },
     "execution_count": 36,
     "metadata": {},
     "output_type": "execute_result"
    }
   ],
   "source": [
    "len(np.corrcoef(intuitive_average,measures['direct_feature_based']['term_overlap']))"
   ]
  },
  {
   "cell_type": "code",
   "execution_count": 42,
   "metadata": {},
   "outputs": [
    {
     "data": {
      "text/plain": [
       "array([[ 1.00000000e+00,  6.31189108e-01,  2.62369420e-01,\n",
       "         3.63267601e-01, -3.27484039e-01, -4.94559100e-01,\n",
       "        -5.15329101e-01, -8.22787658e-02,  5.79091964e-01,\n",
       "        -2.70121849e-01,  8.92030023e-01,  5.60576436e-01,\n",
       "         5.56196263e-01,  5.81732198e-01,  3.22012657e-01,\n",
       "        -4.34498920e-01, -3.84012724e-01, -4.69294326e-04,\n",
       "         5.96728830e-01, -5.28500233e-02],\n",
       "       [ 6.31189108e-01,  1.00000000e+00,  4.86896687e-01,\n",
       "         3.46362240e-01, -2.11670410e-01, -3.23926723e-01,\n",
       "        -5.84505083e-01, -3.29245615e-01, -1.43901565e-02,\n",
       "        -1.80721030e-02,  5.40577081e-01,  8.11100231e-01,\n",
       "         5.84063733e-01,  5.48811181e-01,  4.10820436e-01,\n",
       "        -3.47631261e-01, -4.43188262e-01, -1.25382176e-01,\n",
       "         3.58884189e-01,  4.04111694e-02],\n",
       "       [ 2.62369420e-01,  4.86896687e-01,  1.00000000e+00,\n",
       "         4.30154533e-01, -6.80068835e-01, -6.35317495e-01,\n",
       "        -5.90957248e-01, -3.76746356e-01, -8.19833436e-02,\n",
       "         6.32692991e-01,  4.21065476e-01,  5.44110586e-01,\n",
       "         6.28170226e-01,  5.23259338e-01,  1.70411713e-01,\n",
       "        -4.56732741e-01, -3.30950360e-01, -7.17645462e-02,\n",
       "         3.94654791e-01,  3.92279476e-01],\n",
       "       [ 3.63267601e-01,  3.46362240e-01,  4.30154533e-01,\n",
       "         1.00000000e+00, -6.21797909e-01, -6.53803007e-01,\n",
       "        -6.67926252e-01, -2.31828810e-01, -1.53557164e-01,\n",
       "         1.83689628e-01,  5.72245004e-01,  5.54010224e-01,\n",
       "         6.26396960e-01,  7.54666277e-01,  3.00613915e-01,\n",
       "        -4.28118290e-01, -3.19390346e-01,  7.20099406e-03,\n",
       "         4.18236383e-01,  1.77537048e-01],\n",
       "       [-3.27484039e-01, -2.11670410e-01, -6.80068835e-01,\n",
       "        -6.21797909e-01,  1.00000000e+00,  9.65289478e-01,\n",
       "         7.04133057e-01, -5.29245118e-02, -3.22100571e-01,\n",
       "        -6.47962642e-01, -4.72594798e-01, -3.72279707e-01,\n",
       "        -4.82429464e-01, -4.61273378e-01,  9.94079344e-02,\n",
       "         5.55619739e-01,  3.08742700e-01, -2.88562366e-01,\n",
       "        -5.37740131e-01, -5.70039393e-01],\n",
       "       [-4.94559100e-01, -3.23926723e-01, -6.35317495e-01,\n",
       "        -6.53803007e-01,  9.65289478e-01,  1.00000000e+00,\n",
       "         7.86419837e-01, -1.19378932e-01, -3.78837305e-01,\n",
       "        -5.50623984e-01, -6.38265335e-01, -4.62208963e-01,\n",
       "        -5.43556872e-01, -5.39119501e-01, -4.88850900e-02,\n",
       "         6.89694898e-01,  4.39150242e-01, -3.53747779e-01,\n",
       "        -5.80624002e-01, -5.86213257e-01],\n",
       "       [-5.15329101e-01, -5.84505083e-01, -5.90957248e-01,\n",
       "        -6.67926252e-01,  7.04133057e-01,  7.86419837e-01,\n",
       "         1.00000000e+00, -7.31925518e-02, -1.39702030e-01,\n",
       "        -4.77865268e-01, -6.86095318e-01, -6.02898576e-01,\n",
       "        -5.74719745e-01, -5.73688582e-01, -2.73400479e-01,\n",
       "         5.79563937e-01,  8.37878644e-01, -3.84567504e-01,\n",
       "        -4.79407142e-01, -5.86052090e-01],\n",
       "       [-8.22787658e-02, -3.29245615e-01, -3.76746356e-01,\n",
       "        -2.31828810e-01, -5.29245118e-02, -1.19378932e-01,\n",
       "        -7.31925518e-02,  1.00000000e+00,  2.96405838e-01,\n",
       "        -3.97343820e-02, -1.29330453e-01, -2.64335752e-01,\n",
       "        -2.44803261e-01, -2.84528357e-01, -1.47648949e-01,\n",
       "        -8.73392506e-02, -2.27209618e-01,  9.30406449e-01,\n",
       "        -3.68680704e-02,  1.34954167e-01],\n",
       "       [ 5.79091964e-01, -1.43901565e-02, -8.19833436e-02,\n",
       "        -1.53557164e-01, -3.22100571e-01, -3.78837305e-01,\n",
       "        -1.39702030e-01,  2.96405838e-01,  1.00000000e+00,\n",
       "        -4.45144040e-02,  3.68135846e-01,  4.00024742e-02,\n",
       "         1.14726826e-01,  7.42264166e-02, -1.03060003e-01,\n",
       "        -2.73012581e-01, -1.26307301e-01,  1.86413833e-01,\n",
       "         5.77998224e-01,  1.13342947e-01],\n",
       "       [-2.70121849e-01, -1.80721030e-02,  6.32692991e-01,\n",
       "         1.83689628e-01, -6.47962642e-01, -5.50623984e-01,\n",
       "        -4.77865268e-01, -3.97343820e-02, -4.45144040e-02,\n",
       "         1.00000000e+00, -1.79366462e-02,  9.78504214e-02,\n",
       "         1.47937446e-01,  5.65077785e-02, -8.00476304e-02,\n",
       "        -4.28841412e-01, -3.79336809e-01,  1.74773502e-01,\n",
       "         1.50966769e-01,  8.55833342e-01],\n",
       "       [ 8.92030023e-01,  5.40577081e-01,  4.21065476e-01,\n",
       "         5.72245004e-01, -4.72594798e-01, -6.38265335e-01,\n",
       "        -6.86095318e-01, -1.29330453e-01,  3.68135846e-01,\n",
       "        -1.79366462e-02,  1.00000000e+00,  4.87762784e-01,\n",
       "         5.41911259e-01,  6.04289892e-01,  3.35635583e-01,\n",
       "        -5.53150159e-01, -5.36419024e-01,  4.69061965e-02,\n",
       "         4.65752835e-01,  2.28271013e-01],\n",
       "       [ 5.60576436e-01,  8.11100231e-01,  5.44110586e-01,\n",
       "         5.54010224e-01, -3.72279707e-01, -4.62208963e-01,\n",
       "        -6.02898576e-01, -2.64335752e-01,  4.00024742e-02,\n",
       "         9.78504214e-02,  4.87762784e-01,  1.00000000e+00,\n",
       "         9.18319118e-01,  8.86721807e-01,  7.17495359e-01,\n",
       "        -6.31409394e-01, -4.64997416e-01, -7.44487300e-02,\n",
       "         7.35057923e-01,  3.09999928e-02],\n",
       "       [ 5.56196263e-01,  5.84063733e-01,  6.28170226e-01,\n",
       "         6.26396960e-01, -4.82429464e-01, -5.43556872e-01,\n",
       "        -5.74719745e-01, -2.44803261e-01,  1.14726826e-01,\n",
       "         1.47937446e-01,  5.41911259e-01,  9.18319118e-01,\n",
       "         1.00000000e+00,  9.69906773e-01,  7.18307142e-01,\n",
       "        -6.68906393e-01, -4.21248838e-01, -5.55532337e-02,\n",
       "         8.43735746e-01,  6.46902507e-03],\n",
       "       [ 5.81732198e-01,  5.48811181e-01,  5.23259338e-01,\n",
       "         7.54666277e-01, -4.61273378e-01, -5.39119501e-01,\n",
       "        -5.73688582e-01, -2.84528357e-01,  7.42264166e-02,\n",
       "         5.65077785e-02,  6.04289892e-01,  8.86721807e-01,\n",
       "         9.69906773e-01,  1.00000000e+00,  7.25870032e-01,\n",
       "        -6.52003623e-01, -3.92381870e-01, -1.06982999e-01,\n",
       "         8.00719951e-01, -2.30285231e-02],\n",
       "       [ 3.22012657e-01,  4.10820436e-01,  1.70411713e-01,\n",
       "         3.00613915e-01,  9.94079344e-02, -4.88850900e-02,\n",
       "        -2.73400479e-01, -1.47648949e-01, -1.03060003e-01,\n",
       "        -8.00476304e-02,  3.35635583e-01,  7.17495359e-01,\n",
       "         7.18307142e-01,  7.25870032e-01,  1.00000000e+00,\n",
       "        -6.43877234e-01, -4.76366748e-01, -9.23423445e-02,\n",
       "         5.19202697e-01, -2.96597496e-02],\n",
       "       [-4.34498920e-01, -3.47631261e-01, -4.56732741e-01,\n",
       "        -4.28118290e-01,  5.55619739e-01,  6.89694898e-01,\n",
       "         5.79563937e-01, -8.73392506e-02, -2.73012581e-01,\n",
       "        -4.28841412e-01, -5.53150159e-01, -6.31409394e-01,\n",
       "        -6.68906393e-01, -6.52003623e-01, -6.43877234e-01,\n",
       "         1.00000000e+00,  5.49554323e-01, -2.18595109e-01,\n",
       "        -6.40655840e-01, -5.54047573e-01],\n",
       "       [-3.84012724e-01, -4.43188262e-01, -3.30950360e-01,\n",
       "        -3.19390346e-01,  3.08742700e-01,  4.39150242e-01,\n",
       "         8.37878644e-01, -2.27209618e-01, -1.26307301e-01,\n",
       "        -3.79336809e-01, -5.36419024e-01, -4.64997416e-01,\n",
       "        -4.21248838e-01, -3.92381870e-01, -4.76366748e-01,\n",
       "         5.49554323e-01,  1.00000000e+00, -4.51836594e-01,\n",
       "        -3.62932401e-01, -5.78594912e-01],\n",
       "       [-4.69294326e-04, -1.25382176e-01, -7.17645462e-02,\n",
       "         7.20099406e-03, -2.88562366e-01, -3.53747779e-01,\n",
       "        -3.84567504e-01,  9.30406449e-01,  1.86413833e-01,\n",
       "         1.74773502e-01,  4.69061965e-02, -7.44487300e-02,\n",
       "        -5.55532337e-02, -1.06982999e-01, -9.23423445e-02,\n",
       "        -2.18595109e-01, -4.51836594e-01,  1.00000000e+00,\n",
       "         3.61370992e-02,  3.14079972e-01],\n",
       "       [ 5.96728830e-01,  3.58884189e-01,  3.94654791e-01,\n",
       "         4.18236383e-01, -5.37740131e-01, -5.80624002e-01,\n",
       "        -4.79407142e-01, -3.68680704e-02,  5.77998224e-01,\n",
       "         1.50966769e-01,  4.65752835e-01,  7.35057923e-01,\n",
       "         8.43735746e-01,  8.00719951e-01,  5.19202697e-01,\n",
       "        -6.40655840e-01, -3.62932401e-01,  3.61370992e-02,\n",
       "         1.00000000e+00,  6.63614594e-02],\n",
       "       [-5.28500233e-02,  4.04111694e-02,  3.92279476e-01,\n",
       "         1.77537048e-01, -5.70039393e-01, -5.86213257e-01,\n",
       "        -5.86052090e-01,  1.34954167e-01,  1.13342947e-01,\n",
       "         8.55833342e-01,  2.28271013e-01,  3.09999928e-02,\n",
       "         6.46902507e-03, -2.30285231e-02, -2.96597496e-02,\n",
       "        -5.54047573e-01, -5.78594912e-01,  3.14079972e-01,\n",
       "         6.63614594e-02,  1.00000000e+00]])"
      ]
     },
     "execution_count": 42,
     "metadata": {},
     "output_type": "execute_result"
    }
   ],
   "source": [
    "np.corrcoef(intuitive_average,measures['direct_feature_based']['term_overlap'])"
   ]
  },
  {
   "cell_type": "code",
   "execution_count": 63,
   "metadata": {
    "collapsed": true,
    "jupyter": {
     "outputs_hidden": true
    }
   },
   "outputs": [
    {
     "name": "stdout",
     "output_type": "stream",
     "text": [
      "[1.         0.61639344 0.65248227 0.7        0.54       0.36928105\n",
      " 0.36805556 0.51488095 0.60992908 0.53929539]\n",
      "[1.         0.81385281 0.90196078 0.91588785 0.72137405 0.71974522\n",
      " 0.8030303  0.70040486 0.89583333 0.75954198]\n",
      "[1.         0.87448884 0.87067493 0.89201102 0.83146846 0.71962762\n",
      " 0.79702164 0.81575633 0.93645879 0.83205413]\n",
      "[2.20998738 2.33372439 2.2716735  2.18105403 2.23279845 1.78548094\n",
      " 1.75359404 2.42789972 2.31833017 2.54620146]\n",
      "[1.         0.80535149 0.78022355 0.8451938  0.81160659 0.68408624\n",
      " 0.78942307 0.81342196 0.86588978 0.79411391]\n",
      "[2.20998738 2.76171663 2.68978853 2.48230805 2.5125091  2.00772106\n",
      " 2.11433956 2.42789972 2.71537188 2.72489154]\n",
      "[1.50794143 1.78368389 1.73134497 1.64571476 1.70102605 1.54936774\n",
      " 1.53662532 1.64628385 1.71617494 1.78860499]\n",
      "[2.20998738 2.54772051 2.48073102 2.33168104 2.37265378 1.896601\n",
      " 1.9339668  2.4074956  2.51685102 2.6355465 ]\n",
      "[1.         0.69772921 0.65567571 0.7485161  0.69389851 0.52261046\n",
      " 0.66064713 0.69540249 0.78481652 0.67289991]\n",
      "[0.52212352 0.39096571 0.4199817  0.45193435 0.40499358 0.39676661\n",
      " 0.45194175 0.42922846 0.45954163 0.38677543]\n",
      "[1.         0.60098313 0.53961619 0.68167273 0.66564299 0.48264545\n",
      " 0.65097716 0.69876673 0.68501556 0.62280005]\n",
      "[1.         0.73621414 0.68977217 0.79837658 0.79174472 0.64854485\n",
      " 0.7818245  0.81575633 0.79532077 0.75617368]\n",
      "[1.         0.79447528 0.77173523 0.81535948 0.72215403 0.56257546\n",
      " 0.67031709 0.69876673 0.88461749 0.72299978]\n",
      "[0.65373236 0.54162453 0.5757022  0.59842144 0.55737845 0.56303452\n",
      " 0.6092731  0.58242142 0.60003173 0.53744468]\n",
      "[1.         0.16836542 0.26196199 0.27928036 0.16816925 0.09563255\n",
      " 0.         0.         0.2090202  0.19848844]\n",
      "[1.         0.22685436 0.30170134 0.42544386 0.22369476 0.1175149\n",
      " 0.         0.         0.41869971 0.20926781]\n",
      "[0.13580247 0.05297136 0.06257055 0.08968144 0.04474445 0.01955699\n",
      " 0.         0.         0.10747705 0.02737243]\n",
      "[1.         0.14923499 0.24041534 0.2603461  0.14923499 0.09023617\n",
      " 0.         0.         0.20743487 0.19474436]\n",
      "[1.         0.3554588  0.44185144 0.6454217  0.34879633 0.17601288\n",
      " 0.         0.         0.65670543 0.24635188]\n",
      "[1.         0.13960269 0.22054027 0.25050633 0.13939522 0.08393922\n",
      " 0.         0.         0.19862229 0.18310933]\n",
      "[1.         0.15798169 0.25028218 0.26904433 0.15793322 0.09778493\n",
      " 0.         0.         0.21464045 0.19160702]\n",
      "[0.07091374 0.03743252 0.03770813 0.05051624 0.03326586 0.01006433\n",
      " 0.         0.         0.05100132 0.01462768]\n",
      "[0.53429428 0.09998432 0.15083253 0.15154873 0.09998432 0.05032167\n",
      " 0.         0.         0.10162127 0.10239375]\n",
      "[0.13580247 0.0536313  0.06460691 0.09039241 0.04766838 0.01977882\n",
      " 0.         0.         0.10816962 0.02844917]\n",
      "[0.13580247 0.0594227  0.0654905  0.09309345 0.05053582 0.01912651\n",
      " 0.         0.         0.10509337 0.02835549]\n",
      "[0.53429428 0.16247452 0.18913888 0.22847882 0.17481567 0.07045034\n",
      " 0.         0.         0.20495875 0.11702143]\n",
      "[0.07411603 0.04078743 0.04078163 0.05455164 0.03625349 0.01091274\n",
      " 0.         0.         0.05422171 0.01555368]\n",
      "[1.         0.31410604 0.3828624  0.60038138 0.3079943  0.15109059\n",
      " 0.         0.         0.63877713 0.23542629]\n",
      "[0.53429428 0.22496472 0.22744524 0.30540891 0.24964701 0.090579\n",
      " 0.         0.         0.30829623 0.13164911]\n",
      "[1.         0.40519977 0.46871705 0.65569453 0.41276485 0.18724133\n",
      " 0.         0.         0.6616105  0.2628884 ]\n",
      "[1.         0.16006612 0.25842763 0.27117723 0.16006612 0.0988941\n",
      " 0.         0.         0.21671815 0.19914419]\n",
      "[0.13580247 0.04749547 0.05513507 0.08350211 0.03981928 0.01678784\n",
      " 0.         0.         0.10014563 0.02615848]\n",
      "[1.         0.26010744 0.35867843 0.46066584 0.26731124 0.13845174\n",
      " 0.         0.         0.43671179 0.22759336]\n",
      "[1.         0.37882219 0.43343236 0.6298649  0.38549702 0.17213858\n",
      " 0.         0.         0.65211306 0.25519943]\n",
      "[1.         0.29264428 0.37481343 0.47342525 0.29640485 0.14563214\n",
      " 0.         0.         0.43995397 0.23367857]\n",
      "[0.55763779 0.17689211 0.20400095 0.24587026 0.19042251 0.07638919\n",
      " 0.         0.         0.21722876 0.12442947]\n",
      "[0.55763779 0.10885668 0.16312654 0.16365491 0.10885668 0.05456371\n",
      " 0.         0.         0.10861438 0.10887579]\n",
      "[1.         0.24250685 0.33114979 0.44132535 0.24994461 0.12633064\n",
      " 0.         0.         0.423106   0.22256499]\n",
      "[1.         0.2735938  0.34769718 0.45457263 0.27683313 0.13388556\n",
      " 0.         0.         0.43056663 0.22684393]\n",
      "[1.         0.36014877 0.45892924 0.65015446 0.37455636 0.17800938\n",
      " 0.         0.         0.65670543 0.25604253]\n",
      "[1.         0.18008879 0.28090981 0.29115596 0.18004485 0.10402296\n",
      " 0.         0.         0.21829743 0.20446875]\n",
      "[1.         0.33577872 0.42188425 0.6223046  0.35065423 0.16242511\n",
      " 0.         0.         0.63877713 0.25038561]\n",
      "[0.55763779 0.24492753 0.24487536 0.3280856  0.27198834 0.09821467\n",
      " 0.         0.         0.32584313 0.13998315]\n",
      "[0.13580247 0.05053655 0.06010384 0.08678203 0.04484061 0.01804723\n",
      " 0.         0.         0.10308316 0.02782062]\n",
      "[1.         0.25672024 0.34606681 0.45723302 0.25336477 0.1368989\n",
      " 0.         0.         0.43567294 0.21897945]\n",
      "[0.13580247 0.06316998 0.07022745 0.09705199 0.05392844 0.02080459\n",
      " 0.         0.         0.10924105 0.02920982]\n",
      "[0.9999999  0.6157795  0.37281534 0.28898156 0.22117501 0.17068496\n",
      " 0.17319807 0.05742169 0.26123    0.12443146]\n",
      "[0.99984455 0.7111588  0.6216075  0.5933166  0.57098925 0.5545981\n",
      " 0.5554101  0.518288   0.58412814 0.53971076]\n",
      "[0.99999976 0.6157793  0.37281528 0.28898156 0.22117501 0.17068495\n",
      " 0.17319809 0.05742169 0.26122993 0.12443145]\n"
     ]
    }
   ],
   "source": [
    "# calculate differences\n",
    "differences = {}\n",
    "for measure_types in measures:\n",
