{
 "cells": [
  {
   "cell_type": "code",
   "execution_count": 1,
   "metadata": {},
   "outputs": [
    {
     "data": {
      "text/html": [
       "\n",
       "    <div class=\"bk-root\">\n",
       "        <a href=\"https://bokeh.org\" target=\"_blank\" class=\"bk-logo bk-logo-small bk-logo-notebook\"></a>\n",
       "        <span id=\"1001\">Loading BokehJS ...</span>\n",
       "    </div>"
      ]
     },
     "metadata": {},
     "output_type": "display_data"
    },
    {
     "data": {
      "application/javascript": [
       "\n",
       "(function(root) {\n",
       "  function now() {\n",
       "    return new Date();\n",
       "  }\n",
       "\n",
       "  var force = true;\n",
       "\n",
       "  if (typeof root._bokeh_onload_callbacks === \"undefined\" || force === true) {\n",
       "    root._bokeh_onload_callbacks = [];\n",
       "    root._bokeh_is_loading = undefined;\n",
       "  }\n",
       "\n",
       "  var JS_MIME_TYPE = 'application/javascript';\n",
       "  var HTML_MIME_TYPE = 'text/html';\n",
       "  var EXEC_MIME_TYPE = 'application/vnd.bokehjs_exec.v0+json';\n",
       "  var CLASS_NAME = 'output_bokeh rendered_html';\n",
       "\n",
       "  /**\n",
       "   * Render data to the DOM node\n",
       "   */\n",
       "  function render(props, node) {\n",
       "    var script = document.createElement(\"script\");\n",
       "    node.appendChild(script);\n",
       "  }\n",
       "\n",
       "  /**\n",
       "   * Handle when an output is cleared or removed\n",
       "   */\n",
       "  function handleClearOutput(event, handle) {\n",
       "    var cell = handle.cell;\n",
       "\n",
       "    var id = cell.output_area._bokeh_element_id;\n",
       "    var server_id = cell.output_area._bokeh_server_id;\n",
       "    // Clean up Bokeh references\n",
       "    if (id != null && id in Bokeh.index) {\n",
       "      Bokeh.index[id].model.document.clear();\n",
       "      delete Bokeh.index[id];\n",
       "    }\n",
       "\n",
       "    if (server_id !== undefined) {\n",
       "      // Clean up Bokeh references\n",
       "      var cmd = \"from bokeh.io.state import curstate; print(curstate().uuid_to_server['\" + server_id + \"'].get_sessions()[0].document.roots[0]._id)\";\n",
       "      cell.notebook.kernel.execute(cmd, {\n",
       "        iopub: {\n",
       "          output: function(msg) {\n",
       "            var id = msg.content.text.trim();\n",
       "            if (id in Bokeh.index) {\n",
       "              Bokeh.index[id].model.document.clear();\n",
       "              delete Bokeh.index[id];\n",
       "            }\n",
       "          }\n",
       "        }\n",
       "      });\n",
       "      // Destroy server and session\n",
       "      var cmd = \"import bokeh.io.notebook as ion; ion.destroy_server('\" + server_id + \"')\";\n",
       "      cell.notebook.kernel.execute(cmd);\n",
       "    }\n",
       "  }\n",
       "\n",
       "  /**\n",
       "   * Handle when a new output is added\n",
       "   */\n",
       "  function handleAddOutput(event, handle) {\n",
       "    var output_area = handle.output_area;\n",
       "    var output = handle.output;\n",
       "\n",
       "    // limit handleAddOutput to display_data with EXEC_MIME_TYPE content only\n",
       "    if ((output.output_type != \"display_data\") || (!output.data.hasOwnProperty(EXEC_MIME_TYPE))) {\n",
       "      return\n",
       "    }\n",
       "\n",
       "    var toinsert = output_area.element.find(\".\" + CLASS_NAME.split(' ')[0]);\n",
       "\n",
       "    if (output.metadata[EXEC_MIME_TYPE][\"id\"] !== undefined) {\n",
       "      toinsert[toinsert.length - 1].firstChild.textContent = output.data[JS_MIME_TYPE];\n",
       "      // store reference to embed id on output_area\n",
       "      output_area._bokeh_element_id = output.metadata[EXEC_MIME_TYPE][\"id\"];\n",
       "    }\n",
       "    if (output.metadata[EXEC_MIME_TYPE][\"server_id\"] !== undefined) {\n",
       "      var bk_div = document.createElement(\"div\");\n",
       "      bk_div.innerHTML = output.data[HTML_MIME_TYPE];\n",
       "      var script_attrs = bk_div.children[0].attributes;\n",
       "      for (var i = 0; i < script_attrs.length; i++) {\n",
       "        toinsert[toinsert.length - 1].firstChild.setAttribute(script_attrs[i].name, script_attrs[i].value);\n",
       "        toinsert[toinsert.length - 1].firstChild.textContent = bk_div.children[0].textContent\n",
       "      }\n",
       "      // store reference to server id on output_area\n",
       "      output_area._bokeh_server_id = output.metadata[EXEC_MIME_TYPE][\"server_id\"];\n",
       "    }\n",
       "  }\n",
       "\n",
       "  function register_renderer(events, OutputArea) {\n",
       "\n",
       "    function append_mime(data, metadata, element) {\n",
       "      // create a DOM node to render to\n",
       "      var toinsert = this.create_output_subarea(\n",
       "        metadata,\n",
       "        CLASS_NAME,\n",
       "        EXEC_MIME_TYPE\n",
       "      );\n",
       "      this.keyboard_manager.register_events(toinsert);\n",
       "      // Render to node\n",
       "      var props = {data: data, metadata: metadata[EXEC_MIME_TYPE]};\n",
       "      render(props, toinsert[toinsert.length - 1]);\n",
       "      element.append(toinsert);\n",
       "      return toinsert\n",
       "    }\n",
       "\n",
       "    /* Handle when an output is cleared or removed */\n",
       "    events.on('clear_output.CodeCell', handleClearOutput);\n",
       "    events.on('delete.Cell', handleClearOutput);\n",
       "\n",
       "    /* Handle when a new output is added */\n",
       "    events.on('output_added.OutputArea', handleAddOutput);\n",
       "\n",
       "    /**\n",
       "     * Register the mime type and append_mime function with output_area\n",
       "     */\n",
       "    OutputArea.prototype.register_mime_type(EXEC_MIME_TYPE, append_mime, {\n",
       "      /* Is output safe? */\n",
       "      safe: true,\n",
       "      /* Index of renderer in `output_area.display_order` */\n",
       "      index: 0\n",
       "    });\n",
       "  }\n",
       "\n",
       "  // register the mime type if in Jupyter Notebook environment and previously unregistered\n",
       "  if (root.Jupyter !== undefined) {\n",
       "    var events = require('base/js/events');\n",
       "    var OutputArea = require('notebook/js/outputarea').OutputArea;\n",
       "\n",
       "    if (OutputArea.prototype.mime_types().indexOf(EXEC_MIME_TYPE) == -1) {\n",
       "      register_renderer(events, OutputArea);\n",
       "    }\n",
       "  }\n",
       "\n",
       "  \n",
       "  if (typeof (root._bokeh_timeout) === \"undefined\" || force === true) {\n",
       "    root._bokeh_timeout = Date.now() + 5000;\n",
       "    root._bokeh_failed_load = false;\n",
       "  }\n",
       "\n",
       "  var NB_LOAD_WARNING = {'data': {'text/html':\n",
       "     \"<div style='background-color: #fdd'>\\n\"+\n",
       "     \"<p>\\n\"+\n",
       "     \"BokehJS does not appear to have successfully loaded. If loading BokehJS from CDN, this \\n\"+\n",
       "     \"may be due to a slow or bad network connection. Possible fixes:\\n\"+\n",
       "     \"</p>\\n\"+\n",
       "     \"<ul>\\n\"+\n",
       "     \"<li>re-rerun `output_notebook()` to attempt to load from CDN again, or</li>\\n\"+\n",
       "     \"<li>use INLINE resources instead, as so:</li>\\n\"+\n",
       "     \"</ul>\\n\"+\n",
       "     \"<code>\\n\"+\n",
       "     \"from bokeh.resources import INLINE\\n\"+\n",
       "     \"output_notebook(resources=INLINE)\\n\"+\n",
       "     \"</code>\\n\"+\n",
       "     \"</div>\"}};\n",
       "\n",
       "  function display_loaded() {\n",
       "    var el = document.getElementById(\"1001\");\n",
       "    if (el != null) {\n",
       "      el.textContent = \"BokehJS is loading...\";\n",
       "    }\n",
       "    if (root.Bokeh !== undefined) {\n",
       "      if (el != null) {\n",
       "        el.textContent = \"BokehJS \" + root.Bokeh.version + \" successfully loaded.\";\n",
       "      }\n",
       "    } else if (Date.now() < root._bokeh_timeout) {\n",
       "      setTimeout(display_loaded, 100)\n",
       "    }\n",
       "  }\n",
       "\n",
       "\n",
       "  function run_callbacks() {\n",
       "    try {\n",
       "      root._bokeh_onload_callbacks.forEach(function(callback) {\n",
       "        if (callback != null)\n",
       "          callback();\n",
       "      });\n",
       "    } finally {\n",
       "      delete root._bokeh_onload_callbacks\n",
       "    }\n",
       "    console.debug(\"Bokeh: all callbacks have finished\");\n",
       "  }\n",
       "\n",
       "  function load_libs(css_urls, js_urls, callback) {\n",
       "    if (css_urls == null) css_urls = [];\n",
       "    if (js_urls == null) js_urls = [];\n",
       "\n",
       "    root._bokeh_onload_callbacks.push(callback);\n",
       "    if (root._bokeh_is_loading > 0) {\n",
       "      console.debug(\"Bokeh: BokehJS is being loaded, scheduling callback at\", now());\n",
       "      return null;\n",
       "    }\n",
       "    if (js_urls == null || js_urls.length === 0) {\n",
       "      run_callbacks();\n",
       "      return null;\n",
       "    }\n",
       "    console.debug(\"Bokeh: BokehJS not loaded, scheduling load and callback at\", now());\n",
       "    root._bokeh_is_loading = css_urls.length + js_urls.length;\n",
       "\n",
       "    function on_load() {\n",
       "      root._bokeh_is_loading--;\n",
       "      if (root._bokeh_is_loading === 0) {\n",
       "        console.debug(\"Bokeh: all BokehJS libraries/stylesheets loaded\");\n",
       "        run_callbacks()\n",
       "      }\n",
       "    }\n",
       "\n",
       "    function on_error() {\n",
       "      console.error(\"failed to load \" + url);\n",
       "    }\n",
       "\n",
       "    for (var i = 0; i < css_urls.length; i++) {\n",
       "      var url = css_urls[i];\n",
       "      const element = document.createElement(\"link\");\n",
       "      element.onload = on_load;\n",
       "      element.onerror = on_error;\n",
       "      element.rel = \"stylesheet\";\n",
       "      element.type = \"text/css\";\n",
       "      element.href = url;\n",
       "      console.debug(\"Bokeh: injecting link tag for BokehJS stylesheet: \", url);\n",
       "      document.body.appendChild(element);\n",
       "    }\n",
       "\n",
       "    const hashes = {\"https://cdn.bokeh.org/bokeh/release/bokeh-2.2.3.min.js\": \"T2yuo9Oe71Cz/I4X9Ac5+gpEa5a8PpJCDlqKYO0CfAuEszu1JrXLl8YugMqYe3sM\", \"https://cdn.bokeh.org/bokeh/release/bokeh-widgets-2.2.3.min.js\": \"98GDGJ0kOMCUMUePhksaQ/GYgB3+NH9h996V88sh3aOiUNX3N+fLXAtry6xctSZ6\", \"https://cdn.bokeh.org/bokeh/release/bokeh-tables-2.2.3.min.js\": \"89bArO+nlbP3sgakeHjCo1JYxYR5wufVgA3IbUvDY+K7w4zyxJqssu7wVnfeKCq8\"};\n",
       "\n",
       "    for (var i = 0; i < js_urls.length; i++) {\n",
       "      var url = js_urls[i];\n",
       "      var element = document.createElement('script');\n",
       "      element.onload = on_load;\n",
       "      element.onerror = on_error;\n",
       "      element.async = false;\n",
       "      element.src = url;\n",
       "      if (url in hashes) {\n",
       "        element.crossOrigin = \"anonymous\";\n",
       "        element.integrity = \"sha384-\" + hashes[url];\n",
       "      }\n",
       "      console.debug(\"Bokeh: injecting script tag for BokehJS library: \", url);\n",
       "      document.head.appendChild(element);\n",
       "    }\n",
       "  };\n",
       "\n",
       "  function inject_raw_css(css) {\n",
       "    const element = document.createElement(\"style\");\n",
       "    element.appendChild(document.createTextNode(css));\n",
       "    document.body.appendChild(element);\n",
       "  }\n",
       "\n",
       "  \n",
       "  var js_urls = [\"https://cdn.bokeh.org/bokeh/release/bokeh-2.2.3.min.js\", \"https://cdn.bokeh.org/bokeh/release/bokeh-widgets-2.2.3.min.js\", \"https://cdn.bokeh.org/bokeh/release/bokeh-tables-2.2.3.min.js\"];\n",
       "  var css_urls = [];\n",
       "  \n",
       "\n",
       "  var inline_js = [\n",
       "    function(Bokeh) {\n",
       "      Bokeh.set_log_level(\"info\");\n",
       "    },\n",
       "    function(Bokeh) {\n",
       "    \n",
       "    \n",
       "    }\n",
       "  ];\n",
       "\n",
       "  function run_inline_js() {\n",
       "    \n",
       "    if (root.Bokeh !== undefined || force === true) {\n",
       "      \n",
       "    for (var i = 0; i < inline_js.length; i++) {\n",
       "      inline_js[i].call(root, root.Bokeh);\n",
       "    }\n",
       "    if (force === true) {\n",
       "        display_loaded();\n",
       "      }} else if (Date.now() < root._bokeh_timeout) {\n",
       "      setTimeout(run_inline_js, 100);\n",
       "    } else if (!root._bokeh_failed_load) {\n",
       "      console.log(\"Bokeh: BokehJS failed to load within specified timeout.\");\n",
       "      root._bokeh_failed_load = true;\n",
       "    } else if (force !== true) {\n",
       "      var cell = $(document.getElementById(\"1001\")).parents('.cell').data().cell;\n",
       "      cell.output_area.append_execute_result(NB_LOAD_WARNING)\n",
       "    }\n",
       "\n",
       "  }\n",
       "\n",
       "  if (root._bokeh_is_loading === 0) {\n",
       "    console.debug(\"Bokeh: BokehJS loaded, going straight to plotting\");\n",
       "    run_inline_js();\n",
       "  } else {\n",
       "    load_libs(css_urls, js_urls, function() {\n",
       "      console.debug(\"Bokeh: BokehJS plotting callback run at\", now());\n",
       "      run_inline_js();\n",
       "    });\n",
       "  }\n",
       "}(window));"
      ],
      "application/vnd.bokehjs_load.v0+json": "\n(function(root) {\n  function now() {\n    return new Date();\n  }\n\n  var force = true;\n\n  if (typeof root._bokeh_onload_callbacks === \"undefined\" || force === true) {\n    root._bokeh_onload_callbacks = [];\n    root._bokeh_is_loading = undefined;\n  }\n\n  \n\n  \n  if (typeof (root._bokeh_timeout) === \"undefined\" || force === true) {\n    root._bokeh_timeout = Date.now() + 5000;\n    root._bokeh_failed_load = false;\n  }\n\n  var NB_LOAD_WARNING = {'data': {'text/html':\n     \"<div style='background-color: #fdd'>\\n\"+\n     \"<p>\\n\"+\n     \"BokehJS does not appear to have successfully loaded. If loading BokehJS from CDN, this \\n\"+\n     \"may be due to a slow or bad network connection. Possible fixes:\\n\"+\n     \"</p>\\n\"+\n     \"<ul>\\n\"+\n     \"<li>re-rerun `output_notebook()` to attempt to load from CDN again, or</li>\\n\"+\n     \"<li>use INLINE resources instead, as so:</li>\\n\"+\n     \"</ul>\\n\"+\n     \"<code>\\n\"+\n     \"from bokeh.resources import INLINE\\n\"+\n     \"output_notebook(resources=INLINE)\\n\"+\n     \"</code>\\n\"+\n     \"</div>\"}};\n\n  function display_loaded() {\n    var el = document.getElementById(\"1001\");\n    if (el != null) {\n      el.textContent = \"BokehJS is loading...\";\n    }\n    if (root.Bokeh !== undefined) {\n      if (el != null) {\n        el.textContent = \"BokehJS \" + root.Bokeh.version + \" successfully loaded.\";\n      }\n    } else if (Date.now() < root._bokeh_timeout) {\n      setTimeout(display_loaded, 100)\n    }\n  }\n\n\n  function run_callbacks() {\n    try {\n      root._bokeh_onload_callbacks.forEach(function(callback) {\n        if (callback != null)\n          callback();\n      });\n    } finally {\n      delete root._bokeh_onload_callbacks\n    }\n    console.debug(\"Bokeh: all callbacks have finished\");\n  }\n\n  function load_libs(css_urls, js_urls, callback) {\n    if (css_urls == null) css_urls = [];\n    if (js_urls == null) js_urls = [];\n\n    root._bokeh_onload_callbacks.push(callback);\n    if (root._bokeh_is_loading > 0) {\n      console.debug(\"Bokeh: BokehJS is being loaded, scheduling callback at\", now());\n      return null;\n    }\n    if (js_urls == null || js_urls.length === 0) {\n      run_callbacks();\n      return null;\n    }\n    console.debug(\"Bokeh: BokehJS not loaded, scheduling load and callback at\", now());\n    root._bokeh_is_loading = css_urls.length + js_urls.length;\n\n    function on_load() {\n      root._bokeh_is_loading--;\n      if (root._bokeh_is_loading === 0) {\n        console.debug(\"Bokeh: all BokehJS libraries/stylesheets loaded\");\n        run_callbacks()\n      }\n    }\n\n    function on_error() {\n      console.error(\"failed to load \" + url);\n    }\n\n    for (var i = 0; i < css_urls.length; i++) {\n      var url = css_urls[i];\n      const element = document.createElement(\"link\");\n      element.onload = on_load;\n      element.onerror = on_error;\n      element.rel = \"stylesheet\";\n      element.type = \"text/css\";\n      element.href = url;\n      console.debug(\"Bokeh: injecting link tag for BokehJS stylesheet: \", url);\n      document.body.appendChild(element);\n    }\n\n    const hashes = {\"https://cdn.bokeh.org/bokeh/release/bokeh-2.2.3.min.js\": \"T2yuo9Oe71Cz/I4X9Ac5+gpEa5a8PpJCDlqKYO0CfAuEszu1JrXLl8YugMqYe3sM\", \"https://cdn.bokeh.org/bokeh/release/bokeh-widgets-2.2.3.min.js\": \"98GDGJ0kOMCUMUePhksaQ/GYgB3+NH9h996V88sh3aOiUNX3N+fLXAtry6xctSZ6\", \"https://cdn.bokeh.org/bokeh/release/bokeh-tables-2.2.3.min.js\": \"89bArO+nlbP3sgakeHjCo1JYxYR5wufVgA3IbUvDY+K7w4zyxJqssu7wVnfeKCq8\"};\n\n    for (var i = 0; i < js_urls.length; i++) {\n      var url = js_urls[i];\n      var element = document.createElement('script');\n      element.onload = on_load;\n      element.onerror = on_error;\n      element.async = false;\n      element.src = url;\n      if (url in hashes) {\n        element.crossOrigin = \"anonymous\";\n        element.integrity = \"sha384-\" + hashes[url];\n      }\n      console.debug(\"Bokeh: injecting script tag for BokehJS library: \", url);\n      document.head.appendChild(element);\n    }\n  };\n\n  function inject_raw_css(css) {\n    const element = document.createElement(\"style\");\n    element.appendChild(document.createTextNode(css));\n    document.body.appendChild(element);\n  }\n\n  \n  var js_urls = [\"https://cdn.bokeh.org/bokeh/release/bokeh-2.2.3.min.js\", \"https://cdn.bokeh.org/bokeh/release/bokeh-widgets-2.2.3.min.js\", \"https://cdn.bokeh.org/bokeh/release/bokeh-tables-2.2.3.min.js\"];\n  var css_urls = [];\n  \n\n  var inline_js = [\n    function(Bokeh) {\n      Bokeh.set_log_level(\"info\");\n    },\n    function(Bokeh) {\n    \n    \n    }\n  ];\n\n  function run_inline_js() {\n    \n    if (root.Bokeh !== undefined || force === true) {\n      \n    for (var i = 0; i < inline_js.length; i++) {\n      inline_js[i].call(root, root.Bokeh);\n    }\n    if (force === true) {\n        display_loaded();\n      }} else if (Date.now() < root._bokeh_timeout) {\n      setTimeout(run_inline_js, 100);\n    } else if (!root._bokeh_failed_load) {\n      console.log(\"Bokeh: BokehJS failed to load within specified timeout.\");\n      root._bokeh_failed_load = true;\n    } else if (force !== true) {\n      var cell = $(document.getElementById(\"1001\")).parents('.cell').data().cell;\n      cell.output_area.append_execute_result(NB_LOAD_WARNING)\n    }\n\n  }\n\n  if (root._bokeh_is_loading === 0) {\n    console.debug(\"Bokeh: BokehJS loaded, going straight to plotting\");\n    run_inline_js();\n  } else {\n    load_libs(css_urls, js_urls, function() {\n      console.debug(\"Bokeh: BokehJS plotting callback run at\", now());\n      run_inline_js();\n    });\n  }\n}(window));"
     },
     "metadata": {},
     "output_type": "display_data"
    }
   ],
   "source": [
    "# from ipywidgets import interact\n",
    "import json\n",
    "import os\n",
    "import numpy as np\n",
    "import pandas as pd\n",
    "\n",
    "import colorcet as cc\n",
    "\n",
    "from bokeh.io import push_notebook, show, output_notebook\n",
    "from bokeh.plotting import figure\n",
    "from bokeh.models.tools import HoverTool\n",
    "from bokeh.models import ColumnDataSource\n",
    "\n",
    "from ConceptAccessor import ConceptAccessor\n",
    "\n",
    "output_notebook()"
   ]
  },
  {
   "cell_type": "code",
   "execution_count": 2,
   "metadata": {},
   "outputs": [],
   "source": [
    "# load ideas\n",
    "ideas = ConceptAccessor(\"all_ideas.yaml\")\n",
    "\n",
    "def pos(idea_id):\n",
    "    return int(idea_id.split('_')[1]) - 1\n",
    "\n",
    "def print_pair(i,j):\n",
    "    if i > j:\n",
    "        i, j = j, i\n",
    "    idea_i, idea_j = ideas.idea_dictionary[i], ideas.idea_dictionary[j]\n",
    "    print(f\"{idea_i['id']}: {idea_i['content']}\")\n",
    "    print(f\"{idea_j['id']}: {idea_j['content']}\")\n",
    "        \n",
    "\n",
    "similarity_map = {}\n",
    "for idea_id in ideas.get_ideas():\n",
    "    similarity_map[idea_id] = {}\n"
   ]
  },
  {
   "cell_type": "code",
   "execution_count": 4,
   "metadata": {},
   "outputs": [
    {
     "name": "stdout",
     "output_type": "stream",
     "text": [
      "group_IC_IC_log_naive.csv\n",
      "{'key': 'group_IC', 'value': 'idea_01', None: ['idea_02', 'idea_03', 'idea_04', 'idea_05', 'idea_06', 'idea_07', 'idea_08', 'idea_09', 'idea_10']}\n"
     ]
    },
    {
     "ename": "ValueError",
     "evalue": "not enough values to unpack (expected 2, got 1)",
     "output_type": "error",
     "traceback": [
      "\u001b[0;31m---------------------------------------------------------------------------\u001b[0m",
      "\u001b[0;31mValueError\u001b[0m                                Traceback (most recent call last)",
      "\u001b[0;32m<ipython-input-4-e6529169c873>\u001b[0m in \u001b[0;36m<module>\u001b[0;34m\u001b[0m\n\u001b[1;32m     21\u001b[0m                 \u001b[0;32melse\u001b[0m\u001b[0;34m:\u001b[0m\u001b[0;34m\u001b[0m\u001b[0;34m\u001b[0m\u001b[0m\n\u001b[1;32m     22\u001b[0m                     \u001b[0mprint\u001b[0m\u001b[0;34m(\u001b[0m\u001b[0mrow\u001b[0m\u001b[0;34m)\u001b[0m\u001b[0;34m\u001b[0m\u001b[0;34m\u001b[0m\u001b[0m\n\u001b[0;32m---> 23\u001b[0;31m                     \u001b[0;34m[\u001b[0m\u001b[0midea_i\u001b[0m\u001b[0;34m,\u001b[0m \u001b[0midea_j\u001b[0m\u001b[0;34m]\u001b[0m \u001b[0;34m=\u001b[0m \u001b[0mlist\u001b[0m\u001b[0;34m(\u001b[0m\u001b[0mmap\u001b[0m\u001b[0;34m(\u001b[0m\u001b[0mideas\u001b[0m\u001b[0;34m.\u001b[0m\u001b[0mget_idea_by_uuid\u001b[0m\u001b[0;34m,\u001b[0m \u001b[0mrow\u001b[0m\u001b[0;34m[\u001b[0m\u001b[0;34m'key'\u001b[0m\u001b[0;34m]\u001b[0m\u001b[0;34m.\u001b[0m\u001b[0msplit\u001b[0m\u001b[0;34m(\u001b[0m\u001b[0;34m','\u001b[0m\u001b[0;34m)\u001b[0m\u001b[0;34m)\u001b[0m\u001b[0;34m)\u001b[0m\u001b[0;34m\u001b[0m\u001b[0;34m\u001b[0m\u001b[0m\n\u001b[0m\u001b[1;32m     24\u001b[0m                     \u001b[0mi\u001b[0m\u001b[0;34m,\u001b[0m \u001b[0mj\u001b[0m \u001b[0;34m=\u001b[0m \u001b[0mpos\u001b[0m\u001b[0;34m(\u001b[0m\u001b[0midea_i\u001b[0m\u001b[0;34m[\u001b[0m\u001b[0;34m'id'\u001b[0m\u001b[0;34m]\u001b[0m\u001b[0;34m)\u001b[0m\u001b[0;34m,\u001b[0m \u001b[0mpos\u001b[0m\u001b[0;34m(\u001b[0m\u001b[0midea_j\u001b[0m\u001b[0;34m[\u001b[0m\u001b[0;34m'id'\u001b[0m\u001b[0;34m]\u001b[0m\u001b[0;34m)\u001b[0m\u001b[0;34m\u001b[0m\u001b[0;34m\u001b[0m\u001b[0m\n\u001b[1;32m     25\u001b[0m \u001b[0;34m\u001b[0m\u001b[0m\n",
      "\u001b[0;31mValueError\u001b[0m: not enough values to unpack (expected 2, got 1)"
     ]
    }
   ],
   "source": [
    "import os\n",
    "import csv\n",
    "directory = os.path.abspath('./_csv/direct_information_based/')\n",
    "write_path = os.path.abspath('./_json/direct_information_based/')\n",
    "usable_measures = 0\n",
    "data = {}\n",
    "meta_fields = ['', 'session_id', 'passed_attention_check', 'clarity', 'double_check_pair', 'double_check_diff', 'fulltextFeedback']\n",
    "for filename in os.listdir(directory):\n",
    "    if filename.endswith(\".csv\"):\n",
    "        assignmentId = filename.split('.')[0]\n",
    "        usable_measures += 1 \n",
    "        print(filename)\n",
    "        with open(os.path.join(directory, filename)) as csvfile:\n",
    "            data_reader = csv.DictReader(csvfile, ['key', 'value'])\n",
    "            data[filename] = {'_meta': {}}\n",
    "            similarities = np.zeros((len(ideas), len(ideas)), float)\n",
    "            np.fill_diagonal(similarities, 1)\n",
    "            for row in data_reader:\n",
    "                if row['key'] in meta_fields:\n",
    "                    data[filename]['_meta'][row['key']] = row['value']\n",
    "                else:\n",
    "                    print(row)\n",
    "                    [idea_i, idea_j] = list(map(ideas.get_idea_by_uuid, row['key'].split(',')))\n",
    "                    i, j = pos(idea_i['id']), pos(idea_j['id'])\n",
    "\n",
    "                    similarities[i,j] = similarities[j,i] = float(row['value']) / 100\n",
    "            \n",
    "            # update double check data\n",
    "            [idea_i, idea_j] = list(map(ideas.get_idea_by_uuid, data[filename]['_meta']['double_check_pair'].split(',')))\n",
    "            i, j = pos(idea_i['id']), pos(idea_j['id'])\n",
    "            pair_similarity = similarities[i,j]\n",
    "            data[filename]['_meta']['double_check_diff'] = int(data[filename]['_meta']['double_check_diff']) / 400\n",
    "            \n",
    "            # write similarities to dict\n",
    "            data[filename]['_meta']['assignmentId'] = assignmentId\n",
    "            data[filename]['_meta'].pop('', None)\n",
    "            data[filename]['similarities'] = similarities.tolist()\n",
    "        \n",
    "        with open(os.path.join(write_path, assignmentId + '.json'), 'w') as outfile:\n",
    "            json.dump(data[filename], outfile)\n",
    "        \n",
    "#             print(f\"Passed Attention Check: {data[filename]['_meta']['passed_attention_check']}\")\n",
    "#             print(f\"Clarity: {data[filename]['_meta']['clarity']}\")\n",
    "#             print(f\"Feedback: {data[filename]['_meta']['fulltextFeedback']}\")\n",
    "#             print(\"Double Check: \\n - Idea Pair -\")\n",
    "#             print(f\"1. {idea_i['content']}\\n2. {idea_j['content']}\")\n",
    "#             print(f\"Similarities: {pair_similarity} &  {pair_similarity + data[filename]['_meta']['double_check_diff']}\")\n",
    "#             print(f\"Difference: {data[filename]['_meta']['double_check_diff'] * 100} %\")\n",
    "#             print(similarities)\n",
    "    else:\n",
    "        continue\n",
    "\n",
    "usable_measures"
   ]
  },
  {
   "cell_type": "code",
   "execution_count": 9,
   "metadata": {},
   "outputs": [
    {
     "name": "stdout",
     "output_type": "stream",
     "text": [
      "idea_05: Use fabric display for sports banners that can change and update according to the teams success.\n",
      "idea_06: A fabric display hat that switches between the colors and logos of all your favorite sports teams.\n",
      "Similarity: 0.955\n",
      "\n",
      "idea_01: Analyze athletes with bionic radar to see what part of them is either helping or hurting them in things such as running.\n",
      "idea_02: Use bionic radar to identify fouls or false starts in sporting events.\n",
      "Similarity: 0.975\n",
      "\n"
     ]
    }
   ],
   "source": [
    "from operator import itemgetter\n",
    "eval_sim = data['mx-evaluation_20200806-45-full.csv']['similarities']\n",
    "eval_tuples = []\n",
    "for ix,iy in np.ndindex(eval_sim.shape):\n",
    "    if ix < iy:\n",
    "        if eval_sim[ix,iy] >= 0.95:\n",
    "            eval_tuples.append((ix, iy, eval_sim[ix,iy]))\n",
    "\n",
    "# pairs with high similarities in evaluation set\n",
    "eval_90 = sorted(eval_tuples,key=itemgetter(2))\n",
    "\n",
    "for (i, j, sim) in eval_90:\n",
    "    print_pair(i,j)\n",
    "    print(f'Similarity: {sim}\\n')"
   ]
  },
  {
   "cell_type": "code",
   "execution_count": 11,
   "metadata": {},
   "outputs": [
    {
     "name": "stdout",
     "output_type": "stream",
     "text": [
      "20200718-full-45_3M81GAB8A1QBAMVXNE7IC5SHJ9VBQA.csv 0.94\n",
      "batch_4_3BV8HQ2ZZX8DHU7L2RTOBPRJSUFA6V.csv 0.9525\n",
      "batch_4_32Q90QCQ1TSN6M9MK0PBHRMSE98EKK.csv 0.9425\n",
      "batch_4_3CTOC39K38X7MNOUF7BTA2UYDX4J74.csv 0.745\n",
      "20200718-full-45_3BWI6RSP7HGZB7221602DMH7HGGE7F.csv 0.9325\n",
      "20200718-full-45_39K0FND3AIMF6XSDP7050LO6RQDMA3.csv 0.85\n",
      "mx-evaluation_20200806-45-full.csv 0.955\n",
      "20200718-full-45_3ITXP059PXQT5L8M3A945TQV92PJSS.csv 0.8975\n",
      "batch_4_36H9ULYP631K1G30XQ95YU7FBLNJF8.csv 0.9975\n",
      "20200718-full-45_3NVC2EB65R6FGTI6ZV9678X7UQ13YG.csv 0.6025\n",
      "20200718-full-45_3DIP6YHAPDZ3BL7LBBS8RMD2S0ME82.csv 0.2475\n",
      "20200718-full-45_3IRIK4HM3BR1A94JM5PFHKH81U26C0.csv 1.0\n",
      "20200718-full-45_3T111IHZ5FXSYUV029IMQP7WRVU9RZ.csv 0.9275\n"
     ]
    }
   ],
   "source": [
    "# ToDo Test Candidates for pair(idea_05,idea_06) && pair(idea_01,idea_02)\n",
    "expected_similarity = 0.75\n",
    "\n",
    "for (key, entry) in data.items():\n",
    "#     pair_1_2 = entry['similarities'][0,1]\n",
    "    pair_5_6 = entry['similarities'][4,5]\n",
    "    print(key, pair_5_6)"
   ]
  },
  {
   "cell_type": "code",
   "execution_count": 7,
   "metadata": {},
   "outputs": [
    {
     "name": "stdout",
     "output_type": "stream",
     "text": [
      "{'session_id': '5858b364-7caa-4990-8ce7-63dba58d43d6', 'passed_attention_check': True, 'clarity': 3, 'fulltextFeedback': None, 'assignmentId': '3IUZPWIU1PEHNMVD50JH3XTTQSMKWG', 'double_check_pair': 'idea_01,idea_08', 'double_check_similarity': {'first': 0.9625, 'second': 0.9675}}\n",
      "[[1.0, 0.94, 0.93, 0.92, 0.92, 0.8325, 0.9075, 0.9625, 0.9225, 0.915], [0.94, 1.0, 0.995, 0.9125, 0.9425, 0.9525, 0.9325, 0.96, 0.935, 0.92], [0.93, 0.995, 1.0, 0.945, 0.925, 0.96, 0.92, 0.93, 0.8975, 0.96], [0.92, 0.9125, 0.945, 1.0, 0.96, 0.9425, 0.9425, 0.94, 0.97, 0.94], [0.92, 0.9425, 0.925, 0.96, 1.0, 0.8875, 0.9275, 0.94, 0.935, 0.94], [0.8325, 0.9525, 0.96, 0.9425, 0.8875, 1.0, 0.93, 0.93, 0.9425, 0.9575], [0.9075, 0.9325, 0.92, 0.9425, 0.9275, 0.93, 1.0, 0.9425, 0.955, 0.9225], [0.9625, 0.96, 0.93, 0.94, 0.94, 0.93, 0.9425, 1.0, 0.965, 0.93], [0.9225, 0.935, 0.8975, 0.97, 0.935, 0.9425, 0.955, 0.965, 1.0, 0.9325], [0.915, 0.92, 0.96, 0.94, 0.94, 0.9575, 0.9225, 0.93, 0.9325, 1.0]]\n",
      "{'session_id': 'fa684400-d8c3-4b61-92ea-2d5034be1d2c', 'passed_attention_check': True, 'clarity': 3, 'fulltextFeedback': 'good', 'assignmentId': '3TK8OJTYM2S5JOSOSIJTDCWEDUHPV5', 'double_check_pair': 'idea_04,idea_08', 'double_check_similarity': {'first': 0.7875, 'second': 0.005}}\n",
      "[[1.0, 0.985, 0.9975, 0.9975, 0.0075, 0.0025, 0.0025, 0.105, 0.68, 0.01], [0.985, 1.0, 0.9925, 1.0, 0.0375, 0.0025, 0.0, 0.005, 0.005, 0.33], [0.9975, 0.9925, 1.0, 0.9975, 0.2975, 0.0025, 0.0125, 0.0075, 0.81, 0.005], [0.9975, 1.0, 0.9975, 1.0, 0.0075, 0.0025, 0.005, 0.7875, 0.005, 0.0], [0.0075, 0.0375, 0.2975, 0.0075, 1.0, 0.9925, 0.995, 0.01, 0.0125, 0.01], [0.0025, 0.0025, 0.0025, 0.0025, 0.9925, 1.0, 1.0, 0.0, 0.005, 0.7625], [0.0025, 0.0, 0.0125, 0.005, 0.995, 1.0, 1.0, 0.01, 0.005, 0.01], [0.105, 0.005, 0.0075, 0.7875, 0.01, 0.0, 0.01, 1.0, 0.99, 0.9975], [0.68, 0.005, 0.81, 0.005, 0.0125, 0.005, 0.005, 0.99, 1.0, 0.9975], [0.01, 0.33, 0.005, 0.0, 0.01, 0.7625, 0.01, 0.9975, 0.9975, 1.0]]\n",
      "{'session_id': 'cb6a3cf2-345c-46eb-96a8-698be18a975e', 'passed_attention_check': True, 'clarity': 3, 'fulltextFeedback': None, 'assignmentId': '3QL2OFSM97P9HUABLMBWJV3US79NCF', 'double_check_pair': 'idea_09,idea_10', 'double_check_similarity': {'first': 0.0, 'second': 0.0}}\n",
      "[[1.0, 0.7225, 0.6725, 0.3, 0.895, 0.73, 0.6375, 0.645, 0.9425, 0.0], [0.7225, 1.0, 0.845, 0.6, 0.565, 0.545, 0.09, 0.6375, 0.565, 0.0], [0.6725, 0.845, 1.0, 0.5825, 0.0, 0.0, 0.7225, 0.0, 0.65, 0.1325], [0.3, 0.6, 0.5825, 1.0, 0.0, 0.0, 0.605, 0.0, 0.7, 0.0], [0.895, 0.565, 0.0, 0.0, 1.0, 0.2525, 0.7075, 0.2875, 0.0, 0.0], [0.73, 0.545, 0.0, 0.0, 0.2525, 1.0, 0.9275, 0.28, 0.0875, 0.0], [0.6375, 0.09, 0.7225, 0.605, 0.7075, 0.9275, 1.0, 0.4, 0.8975, 0.2775], [0.645, 0.6375, 0.0, 0.0, 0.2875, 0.28, 0.4, 1.0, 0.5575, 0.1725], [0.9425, 0.565, 0.65, 0.7, 0.0, 0.0875, 0.8975, 0.5575, 1.0, 0.0], [0.0, 0.0, 0.1325, 0.0, 0.0, 0.0, 0.2775, 0.1725, 0.0, 1.0]]\n",
      "{'session_id': '84192570-e4d5-409a-be3d-1f1287825f3b', 'passed_attention_check': True, 'clarity': 3, 'fulltextFeedback': None, 'assignmentId': '3M23Y66PO3EHHQTFJRFFWPLQJLY6SC', 'double_check_pair': 'idea_04,idea_09', 'double_check_similarity': {'first': 0.0025, 'second': 0.045}}\n",
      "[[1.0, 0.1725, 0.055, 0.0, 0.0, 0.15, 0.0025, 0.01, 0.6625, 0.0075], [0.1725, 1.0, 0.005, 0.0375, 0.0, 0.1325, 0.005, 0.0575, 0.015, 0.005], [0.055, 0.005, 1.0, 0.065, 0.0, 0.005, 0.01, 0.03, 0.0075, 0.7875], [0.0, 0.0375, 0.065, 1.0, 0.1825, 0.0, 0.0025, 0.0, 0.0025, 0.015], [0.0, 0.0, 0.0, 0.1825, 1.0, 0.0025, 0.3225, 0.02, 0.0075, 0.0025], [0.15, 0.1325, 0.005, 0.0, 0.0025, 1.0, 0.735, 0.0125, 0.0, 0.0025], [0.0025, 0.005, 0.01, 0.0025, 0.3225, 0.735, 1.0, 0.0025, 0.025, 0.0025], [0.01, 0.0575, 0.03, 0.0, 0.02, 0.0125, 0.0025, 1.0, 0.03, 0.025], [0.6625, 0.015, 0.0075, 0.0025, 0.0075, 0.0, 0.025, 0.03, 1.0, 0.0075], [0.0075, 0.005, 0.7875, 0.015, 0.0025, 0.0025, 0.0025, 0.025, 0.0075, 1.0]]\n",
      "{'session_id': '3e60afb3-8775-4f25-b6d8-aae3957d72b5', 'passed_attention_check': True, 'clarity': 3, 'fulltextFeedback': 'good and easily acceptable study rating', 'assignmentId': '3DQQ64TANHSIYDSTISOPZEFSK3JPWF', 'double_check_pair': 'idea_03,idea_07', 'double_check_similarity': {'first': 0.8475, 'second': 0.0}}\n",
      "[[1.0, 0.995, 0.9925, 0.995, 0.0, 0.0, 0.0075, 0.02, 0.0, 0.0125], [0.995, 1.0, 0.9875, 0.99, 0.015, 0.015, 0.01, 0.005, 0.0025, 0.75], [0.9925, 0.9875, 1.0, 0.995, 0.0075, 0.025, 0.8475, 0.0075, 0.02, 0.08], [0.995, 0.99, 0.995, 1.0, 0.005, 0.0, 0.0, 0.0075, 0.03, 0.36], [0.0, 0.015, 0.0075, 0.005, 1.0, 0.88, 0.9975, 0.04, 0.0, 0.01], [0.0, 0.015, 0.025, 0.0, 0.88, 1.0, 0.9925, 0.8375, 0.0, 0.0], [0.0075, 0.01, 0.8475, 0.0, 0.9975, 0.9925, 1.0, 0.01, 0.0075, 0.8025], [0.02, 0.005, 0.0075, 0.0075, 0.04, 0.8375, 0.01, 1.0, 0.99, 0.9975], [0.0, 0.0025, 0.02, 0.03, 0.0, 0.0, 0.0075, 0.99, 1.0, 0.995], [0.0125, 0.75, 0.08, 0.36, 0.01, 0.0, 0.8025, 0.9975, 0.995, 1.0]]\n",
      "{'session_id': '308b887e-2f77-4ac2-86fd-b929d38d82cc', 'passed_attention_check': False, 'clarity': 4, 'fulltextFeedback': 'full understanding work ', 'assignmentId': '3U8YCDAGXQNAQZSNPYATSOWYOTG0Q3', 'double_check_pair': 'idea_05,idea_06', 'double_check_similarity': {'first': 0.74, 'second': 0.8725}}\n",
      "[[1.0, 0.145, 0.45, 0.4225, 0.745, 0.9075, 0.57, 0.44, 0.83, 0.5475], [0.145, 1.0, 0.6, 0.6525, 0.875, 0.735, 0.745, 0.7775, 0.39, 0.34], [0.45, 0.6, 1.0, 0.375, 0.3975, 0.3225, 0.355, 0.8025, 0.59, 0.8775], [0.4225, 0.6525, 0.375, 1.0, 0.8525, 0.285, 0.1575, 0.9, 0.135, 0.5875], [0.745, 0.875, 0.3975, 0.8525, 1.0, 0.74, 0.41, 0.85, 0.43, 0.2775], [0.9075, 0.735, 0.3225, 0.285, 0.74, 1.0, 0.4575, 0.7625, 0.3525, 0.54], [0.57, 0.745, 0.355, 0.1575, 0.41, 0.4575, 1.0, 0.86, 0.7825, 0.4275], [0.44, 0.7775, 0.8025, 0.9, 0.85, 0.7625, 0.86, 1.0, 0.8775, 0.8525], [0.83, 0.39, 0.59, 0.135, 0.43, 0.3525, 0.7825, 0.8775, 1.0, 0.3475], [0.5475, 0.34, 0.8775, 0.5875, 0.2775, 0.54, 0.4275, 0.8525, 0.3475, 1.0]]\n",
      "{'session_id': 'd1da917d-8a4d-4b78-9454-31ae84f71d55', 'passed_attention_check': False, 'clarity': 2, 'fulltextFeedback': 'very good', 'assignmentId': '3RXCAC0YISW1VZ3CH6IWRPYE14K8G4', 'double_check_pair': 'idea_04,idea_09', 'double_check_similarity': {'first': 0.77, 'second': 0.83}}\n",
      "[[1.0, 0.49, 0.675, 0.6725, 0.6675, 0.6725, 0.535, 0.6175, 0.74, 0.6], [0.49, 1.0, 0.785, 0.6125, 0.64, 0.6525, 0.57, 0.61, 0.6, 0.725], [0.675, 0.785, 1.0, 0.6475, 0.655, 0.5975, 0.7625, 0.5975, 0.58, 0.7375], [0.6725, 0.6125, 0.6475, 1.0, 0.655, 0.69, 0.64, 0.7525, 0.77, 0.8625], [0.6675, 0.64, 0.655, 0.655, 1.0, 0.6425, 0.54, 0.8, 0.69, 0.635], [0.6725, 0.6525, 0.5975, 0.69, 0.6425, 1.0, 0.6, 0.62, 0.6475, 0.6625], [0.535, 0.57, 0.7625, 0.64, 0.54, 0.6, 1.0, 0.7, 0.67, 0.75], [0.6175, 0.61, 0.5975, 0.7525, 0.8, 0.62, 0.7, 1.0, 0.7925, 0.855], [0.74, 0.6, 0.58, 0.77, 0.69, 0.6475, 0.67, 0.7925, 1.0, 0.8925], [0.6, 0.725, 0.7375, 0.8625, 0.635, 0.6625, 0.75, 0.855, 0.8925, 1.0]]\n",
      "{'session_id': 'dca6bfa4-1f3c-4ee1-a6f3-6620711c2331', 'passed_attention_check': True, 'clarity': 4, 'fulltextFeedback': 'nice survey', 'assignmentId': '3QL2OFSM97P9HUABLMBWJV3US7QCNL', 'double_check_pair': 'idea_03,idea_08', 'double_check_similarity': {'first': 0.2275, 'second': 0.125}}\n",
      "[[1.0, 0.9025, 0.825, 0.9325, 0.05, 0.165, 0.1025, 0.07, 0.16, 0.0975], [0.9025, 1.0, 0.965, 0.8325, 0.16, 0.115, 0.1325, 0.1475, 0.0825, 0.19], [0.825, 0.965, 1.0, 0.895, 0.15, 0.1225, 0.225, 0.2275, 0.3375, 0.6875], [0.9325, 0.8325, 0.895, 1.0, 0.1175, 0.075, 0.2025, 0.1525, 0.225, 0.1], [0.05, 0.16, 0.15, 0.1175, 1.0, 0.2025, 0.8725, 0.28, 0.1, 0.175], [0.165, 0.115, 0.1225, 0.075, 0.2025, 1.0, 0.185, 0.0575, 0.11, 0.0925], [0.1025, 0.1325, 0.225, 0.2025, 0.8725, 0.185, 1.0, 0.845, 0.75, 0.0625], [0.07, 0.1475, 0.2275, 0.1525, 0.28, 0.0575, 0.845, 1.0, 0.8725, 0.0625], [0.16, 0.0825, 0.3375, 0.225, 0.1, 0.11, 0.75, 0.8725, 1.0, 0.83], [0.0975, 0.19, 0.6875, 0.1, 0.175, 0.0925, 0.0625, 0.0625, 0.83, 1.0]]\n"
     ]
    }
   ],
   "source": [
    "def import_from_json(file_path):\n",
    "    with open(file_path) as json_file:\n",
    "        json_data = json.load(json_file)\n",
    "        meta_fields = {\n",
    "            'id': 'session_id',\n",
    "            'passedAttentionCheck': 'passed_attention_check',\n",
    "            'clarityRating': 'clarity',\n",
    "            'fulltextFeedback': 'fulltextFeedback',\n",
    "            'assignmentId': 'assignmentId'\n",
    "        }\n",
    "        \n",
    "        meta = {}\n",
    "        for (key, new_key) in meta_fields.items():\n",
    "            meta[new_key] = json_data[key]\n",
    "        \n",
    "        duplicates = np.zeros((len(ideas), len(ideas)), int)\n",
    "        similarities = np.zeros((len(ideas), len(ideas)), float)\n",
    "        np.fill_diagonal(similarities, 1)\n",
    "        \n",
    "        for row in json_data['ratings']:\n",
    "            [idea_i, idea_j] = ideas.get_idea_by_uuid(row['leftIdea']), ideas.get_idea_by_uuid(row['rightIdea'])\n",
    "            i, j = pos(idea_i['id']), pos(idea_j['id'])\n",
    "            \n",
    "            if duplicates[i,j] == 0:\n",
    "                duplicates[i,j] = duplicates[j,i] = 1\n",
    "                similarities[i,j] = similarities[j,i] = float(row['similarityRating']) / 400\n",
    "            \n",
    "            else:\n",
    "                if i > j:\n",
    "                    i, j = j, i\n",
    "                    idea_i, idea_j = idea_j, idea_i\n",
    "                    \n",
    "                double_check_similarity = float(row['similarityRating']) / 400\n",
    "                meta['double_check_pair'] = f\"{idea_i['id']},{idea_j['id']}\"\n",
    "                meta['double_check_similarity'] = {\n",
    "                    'first': similarities[i,j],\n",
    "                    'second': double_check_similarity\n",
    "                }\n",
    "                \n",
    "            \n",
    "        return {\n",
    "            '_meta': meta,\n",
    "            'similarities': similarities.tolist()\n",
    "        }\n",
    "        \n",
