{
 "cells": [
  {
   "cell_type": "code",
   "execution_count": 6,
   "metadata": {},
   "outputs": [],
   "source": [
    "import os\n",
    "import csv\n",
    "from pathlib import Path\n",
    "import json\n",
    "\n",
    "import numpy as np"
   ]
  },
  {
   "cell_type": "code",
   "execution_count": 7,
   "metadata": {},
   "outputs": [],
   "source": [
    "def load_csv_similarities(file_path):\n",
    "    similarities = []\n",
    "    with open(file_path) as csvfile:\n",
    "        data_reader = csv.reader(csvfile)\n",
    "        headers = next(data_reader, None)\n",
    "        for row in data_reader:\n",
    "            similarities.append(np.asarray(row[1:], dtype=np.float64).tolist())\n",
    "    \n",
    "    return similarities"
   ]
  },
  {
   "cell_type": "code",
   "execution_count": 8,
   "metadata": {},
   "outputs": [],
   "source": [
    "directory = os.path.abspath('./_csv/_extended/')\n",
    "write_path = os.path.abspath('./_json/_extended/')\n",
    "\n",
    "measure_types = ['indirect_information_based']  # ['direct_feature_based', 'indirect_feature_based', 'indirect_information_based', 'universal_sentence_encoder']\n",
    "\n",
    "for measure_type in measure_types:\n",
    "    read_measure_path = os.path.join(directory, measure_type + '/')\n",
    "    for filename in os.listdir(read_measure_path):\n",
    "        if filename.endswith('.csv'):\n",
    "            name = filename.split('.')[0]\n",
    "            Path(os.path.join(write_path, measure_type + '/')).mkdir(parents=True, exist_ok=True)\n",
    "            similarities = load_csv_similarities(os.path.join(directory,measure_type,filename))\n",
    "\n",
    "            data = {\n",
    "                '_meta': {\n",
    "                    'measure_type': measure_type,\n",
    "                    'measure_name': name\n",
    "                },\n",
    "                'similarities': similarities\n",
    "            }\n",
    "\n",
    "            with open(os.path.join(write_path, measure_type + '/', name + '.json'), 'w') as outfile:\n",
    "                json.dump(data, outfile)\n",
    "        "
   ]
  },
  {
   "cell_type": "code",
   "execution_count": 4,
   "metadata": {},
   "outputs": [
    {
     "name": "stdout",
     "output_type": "stream",
     "text": [
      "['1.0', '0.8138528138528138', '0.9019607843137255', '0.9158878504672897', '0.7213740458015268', '0.7197452229299363', '0.803030303030303', '0.7004048582995951', '0.8958333333333334', '0.7595419847328244']\n",
      "['0.8138528138528138', '1.0', '0.9705882352941176', '0.9252336448598131', '0.8961038961038961', '0.6496815286624203', '0.7803030303030303', '0.6883116883116883', '0.9114583333333334', '0.7705627705627706']\n",
      "['0.9019607843137255', '0.9705882352941176', '1.0', '0.9705882352941176', '0.9705882352941176', '0.5732484076433121', '0.7575757575757576', '0.7549019607843137', '0.9114583333333334', '0.8186274509803921']\n",
      "['0.9158878504672897', '0.9252336448598131', '0.9705882352941176', '1.0', '0.9532710280373832', '0.6114649681528662', '0.8106060606060606', '0.719626168224299', '0.9114583333333334', '0.7897196261682243']\n",
      "['0.7213740458015268', '0.8961038961038961', '0.9705882352941176', '0.9532710280373832', '1.0', '0.6496815286624203', '0.8257575757575758', '0.6761133603238867', '0.9114583333333334', '0.6462093862815884']\n",
      "['0.7197452229299363', '0.6496815286624203', '0.5732484076433121', '0.6114649681528662', '0.6496815286624203', '1.0', '0.8181818181818182', '0.7770700636942676', '0.5668789808917197', '0.6751592356687898']\n",
      "['0.803030303030303', '0.7803030303030303', '0.7575757575757576', '0.8106060606060606', '0.8257575757575758', '0.8181818181818182', '1.0', '0.7727272727272727', '0.7575757575757576', '0.803030303030303']\n",
      "['0.7004048582995951', '0.6883116883116883', '0.7549019607843137', '0.719626168224299', '0.6761133603238867', '0.7770700636942676', '0.7727272727272727', '1.0', '0.8020833333333334', '0.8016194331983806']\n",
      "['0.8958333333333334', '0.9114583333333334', '0.9114583333333334', '0.9114583333333334', '0.9114583333333334', '0.5668789808917197', '0.7575757575757576', '0.8020833333333334', '1.0', '0.8697916666666666']\n",
      "['0.7595419847328244', '0.7705627705627706', '0.8186274509803921', '0.7897196261682243', '0.6462093862815884', '0.6751592356687898', '0.803030303030303', '0.8016194331983806', '0.8697916666666666', '1.0']\n"
     ]
    }
   ],
   "source": [
    "with open(os.path.abspath('./_csv/direct_feature_based/normalized_term_overlap.csv')) as csvfile:\n",
    "    data_reader = csv.reader(csvfile)\n",
    "    headers = next(data_reader, None)\n",
    "    for row in data_reader:\n",
    "        row"
   ]
  },
  {
   "cell_type": "code",
   "execution_count": null,
   "metadata": {},
   "outputs": [],
   "source": []
  }
 ],
 "metadata": {
  "kernelspec": {
   "display_name": "Python 3",
   "language": "python",
   "name": "python3"
  },
  "language_info": {
   "codemirror_mode": {
    "name": "ipython",
    "version": 3
   },
   "file_extension": ".py",
   "mimetype": "text/x-python",
   "name": "python",
   "nbconvert_exporter": "python",
   "pygments_lexer": "ipython3",
   "version": "3.9.1"
  }
 },
 "nbformat": 4,
 "nbformat_minor": 4
}
