average_similarity_Resnik,idea_01,idea_02,idea_03,idea_04,idea_05,idea_06,idea_07,idea_08,idea_09,idea_10
idea_01,0.07411603228099993,0.04078743081325062,0.04078163425371542,0.05455163643989408,0.03625348728849516,0.01091274142134229,0.0,0.0,0.05422170568636936,0.015553683778705687
idea_02,0.04078743081325062,0.18647234284274505,0.061721579576046744,0.08229543943472899,0.12250777111803582,0.024545920858966445,0.0,0.0,0.04144238792239956,0.06987440903320576
idea_03,0.04078163425371542,0.061721579576046744,0.15619231585683793,0.04157565764428201,0.06821472873077314,0.0,0.0,0.0,0.04144238792239956,0.0
idea_04,0.05455163643989408,0.08229543943472899,0.04157565764428201,0.16465701318994055,0.09095297164103086,0.0,0.0,0.0,0.055256517229866076,0.0
idea_05,0.03625348728849516,0.12250777111803582,0.06821472873077314,0.09095297164103086,0.14907823337958218,0.0,0.0,0.0,0.036600698266264914,0.0
idea_06,0.01091274142134229,0.024545920858966445,0.0,0.0,0.0,0.09969368018783994,0.04032825657468583,0.03354443016814024,0.0,0.0140306675417258
idea_07,0.0,0.0,0.0,0.0,0.0,0.04032825657468583,0.0991956093786262,0.03338040486951008,0.0,0.027797018489178097
idea_08,0.0,0.0,0.0,0.0,0.0,0.03354443016814024,0.03338040486951008,0.0964902276296393,0.0,0.011574123299851054
idea_09,0.05422170568636936,0.04144238792239956,0.04144238792239956,0.055256517229866076,0.036600698266264914,0.0,0.0,0.0,0.2730189181774148,0.04632920510598465
idea_10,0.015553683778705687,0.06987440903320576,0.0,0.0,0.0,0.0140306675417258,0.027797018489178097,0.011574123299851054,0.04632920510598465,0.18937691786996722
