average_similarity_Faith,idea_01,idea_02,idea_03,idea_04,idea_05,idea_06,idea_07,idea_08,idea_09,idea_10
idea_01,0.13580246913580246,0.052971363079029166,0.06257054562178564,0.08968144388184228,0.04474445445296159,0.01955698629344879,0.0,0.0,0.10747705061592601,0.027372431181696258
idea_02,0.052971363079029166,0.3701708618647874,0.12258543093239373,0.16344724124319163,0.21384830220388007,0.04949974836403359,0.0,0.0,0.08238374736168617,0.12089431771256397
idea_03,0.06257054562178564,0.12258543093239373,0.25,0.08333333333333333,0.12047892737486093,0.0,0.0,0.0,0.08238374736168617,0.0
idea_04,0.08968144388184228,0.16344724124319163,0.08333333333333333,0.3333333333333333,0.16063856983314792,0.0,0.0,0.0,0.10984499648224823,0.0
idea_05,0.04474445445296159,0.21384830220388007,0.12047892737486093,0.16063856983314792,0.24120898957753562,0.0,0.0,0.0,0.0713033216810582,0.0
idea_06,0.01955698629344879,0.04949974836403359,0.0,0.0,0.0,0.2,0.08,0.06665354891425714,0.0,0.022305027370678538
idea_07,0.0,0.0,0.0,0.0,0.0,0.08,0.2,0.06630670888190053,0.0,0.04624427418976866
idea_08,0.0,0.0,0.0,0.0,0.0,0.06665354891425714,0.06630670888190053,0.16666666666666666,0.0,0.009206458826815618
idea_09,0.10747705061592601,0.08238374736168617,0.08238374736168617,0.10984499648224823,0.0713033216810582,0.0,0.0,0.0,0.5489147328909899,0.09381506180997401
idea_10,0.027372431181696258,0.12089431771256397,0.0,0.0,0.0,0.022305027370678538,0.04624427418976866,0.009206458826815618,0.09381506180997401,0.3036012241388578
