best_match_average_similarity_NUnivers,idea_01,idea_02,idea_03,idea_04,idea_05,idea_06,idea_07,idea_08,idea_09,idea_10
idea_01,1.0,0.2425068519330968,0.33114979451730453,0.44132534808422846,0.24994460874749175,0.12633063959554042,0.0,0.0,0.42310599901070656,0.22256498796967966
idea_02,0.2425068519330968,1.0,0.36306668902081274,0.4047333556874794,0.4667049025948905,0.21461667091250192,0.0,0.0,0.2802228613356642,0.35040494423050733
idea_03,0.33114979451730453,0.36306668902081274,1.0,0.29166666666666663,0.3536382135740777,0.0,0.0,0.0,0.2802228613356642,0.0
idea_04,0.44132534808422846,0.4047333556874794,0.29166666666666663,1.0,0.3953048802407444,0.0,0.0,0.0,0.32025469866933054,0.0
idea_05,0.24994460874749175,0.4667049025948905,0.3536382135740777,0.3953048802407444,1.0,0.0,0.0,0.0,0.2613015248900901,0.0
idea_06,0.12633063959554042,0.21461667091250192,0.0,0.0,0.0,1.0,0.4,0.3623410012691245,0.0,0.12729036633003676
idea_07,0.0,0.0,0.0,0.0,0.0,0.4,1.0,0.3571895916572507,0.0,0.20048708319209585
idea_08,0.0,0.0,0.0,0.0,0.0,0.3623410012691245,0.3571895916572507,1.0,0.0,0.07316209431173364
idea_09,0.42310599901070656,0.2802228613356642,0.2802228613356642,0.32025469866933054,0.2613015248900901,0.0,0.0,0.0,1.0,0.3908171372305508
idea_10,0.22256498796967966,0.35040494423050733,0.0,0.0,0.0,0.12729036633003676,0.20048708319209585,0.07316209431173364,0.3908171372305508,0.8571428571428571
