best_match_max_similarity_NUnivers,idea_01,idea_02,idea_03,idea_04,idea_05,idea_06,idea_07,idea_08,idea_09,idea_10
idea_01,1.0,0.33577871806121096,0.4218842482172098,0.6223045992523631,0.3506542316900009,0.1624251080514091,0.0,0.0,0.6387771316039588,0.2503856114658896
idea_02,0.33577871806121096,1.0,0.47613337804162553,0.47613337804162553,0.47613337804162553,0.23846296768055766,0.0,0.0,0.32025469866933054,0.4659477997618966
idea_03,0.4218842482172098,0.47613337804162553,1.0,0.3333333333333333,0.4572764271481554,0.0,0.0,0.0,0.32025469866933054,0.0
idea_04,0.6223045992523631,0.47613337804162553,0.3333333333333333,1.0,0.4572764271481554,0.0,0.0,0.0,0.32025469866933054,0.0
idea_05,0.3506542316900009,0.47613337804162553,0.4572764271481554,0.4572764271481554,1.0,0.0,0.0,0.0,0.32025469866933054,0.0
idea_06,0.1624251080514091,0.23846296768055766,0.0,0.0,0.0,1.0,0.4,0.3952810922935903,0.0,0.1485054273850429
idea_07,0.0,0.0,0.0,0.0,0.0,0.4,1.0,0.3896613727170008,0.0,0.22113889795363226
idea_08,0.0,0.0,0.0,0.0,0.0,0.3952810922935903,0.3896613727170008,1.0,0.0,0.07878994772032853
idea_09,0.6387771316039588,0.32025469866933054,0.32025469866933054,0.32025469866933054,0.32025469866933054,0.0,0.0,0.0,1.0,0.6387771316039588
idea_10,0.2503856114658896,0.4659477997618966,0.0,0.0,0.0,0.1485054273850429,0.22113889795363226,0.07878994772032853,0.6387771316039588,0.8571428571428571
