{"_meta": {"measure_type": "universal_sentence_encoder", "measure_name": "dot_product_similarity"}, "similarities": [[0.99999976, 0.6157793, 0.37281528, 0.28898156, 0.22117501, 0.17068495, 0.17319809, 0.057421688, 0.26122993, 0.124431446], [0.6157793, 1.0000001, 0.35574907, 0.17017505, 0.29769826, 0.2292681, 0.0015515778, 0.1461095, 0.16434933, 0.121857464], [0.37281528, 0.35574907, 0.9999999, 0.13317004, 0.028233372, 0.02188919, 0.0067414604, 0.04026654, 0.093434975, 0.16867971], [0.28898156, 0.17017505, 0.13317004, 0.9999998, 0.054637354, 0.015839826, 0.059199482, -0.0077046193, 0.082889155, 0.20498352], [0.22117501, 0.29769826, 0.028233372, 0.054637354, 0.99999976, 0.4760881, 0.27817157, 0.12864889, 0.17329659, 0.037913516], [0.17068495, 0.2292681, 0.02188919, 0.015839826, 0.4760881, 0.99999964, 0.23911116, 0.11398403, 0.21762171, 0.0800529], [0.17319809, 0.0015515778, 0.0067414604, 0.059199482, 0.27817157, 0.23911116, 1.0, 0.081655554, 0.14956595, 0.07718528], [0.057421688, 0.1461095, 0.04026654, -0.0077046193, 0.12864889, 0.11398403, 0.081655554, 0.9999997, 0.13983989, 0.059153], [0.26122993, 0.16434933, 0.093434975, 0.082889155, 0.17329659, 0.21762171, 0.14956595, 0.13983989, 0.99999994, 0.13571116], [0.124431446, 0.121857464, 0.16867971, 0.20498352, 0.037913516, 0.0800529, 0.07718528, 0.059153, 0.13571116, 1.0000005]]}