use_angular_similarity,idea_01,idea_02,idea_03,idea_04,idea_05,idea_06,idea_07,idea_08,idea_09,idea_10
idea_01,0.99984455,0.7111588,0.6216075,0.5933166,0.57098925,0.5545981,0.5554101,0.518288,0.58412814,0.53971076
idea_02,0.7111588,1.0,0.6157743,0.55443335,0.59621894,0.5736333,0.5004939,0.5466752,0.55255246,0.5388851
idea_03,0.6216075,0.6157743,1.0,0.5425157,0.5089882,0.50696814,0.5021459,0.5128207,0.52978474,0.55395037
idea_04,0.5933166,0.55443335,0.5425157,1.0,0.51740026,0.5050422,0.51885486,0.49754757,0.52641475,0.5657141
idea_05,0.57098925,0.59621894,0.5089882,0.51740026,0.9997802,0.65794575,0.58972836,0.541064,0.555442,0.51207113
idea_06,0.5545981,0.5736333,0.50696814,0.5050422,0.65794575,0.99984455,0.576856,0.53636134,0.56982994,0.52550894
idea_07,0.5554101,0.5004939,0.5021459,0.51885486,0.58972836,0.576856,1.0,0.52602077,0.54778767,0.52459335
idea_08,0.518288,0.5466752,0.5128207,0.49754757,0.541064,0.53636134,0.52602077,0.99984455,0.5446588,0.51884
idea_09,0.58412814,0.55255246,0.52978474,0.52641475,0.555442,0.56982994,0.54778767,0.5446588,0.9998901,0.5433319
idea_10,0.53971076,0.5388851,0.55395037,0.5657141,0.51207113,0.52550894,0.52459335,0.51884,0.5433319,1.0
