{"_meta": {"session_id": "84192570-e4d5-409a-be3d-1f1287825f3b", "passed_attention_check": true, "clarity": 3, "fulltextFeedback": null, "assignmentId": "3M23Y66PO3EHHQTFJRFFWPLQJLY6SC", "double_check_pair": "idea_04,idea_09", "double_check_similarity": {"first": 0.0025, "second": 0.045}}, "similarities": [[1.0, 0.1725, 0.055, 0.0, 0.0, 0.15, 0.0025, 0.01, 0.6625, 0.0075], [0.1725, 1.0, 0.005, 0.0375, 0.0, 0.1325, 0.005, 0.0575, 0.015, 0.005], [0.055, 0.005, 1.0, 0.065, 0.0, 0.005, 0.01, 0.03, 0.0075, 0.7875], [0.0, 0.0375, 0.065, 1.0, 0.1825, 0.0, 0.0025, 0.0, 0.0025, 0.015], [0.0, 0.0, 0.0, 0.1825, 1.0, 0.0025, 0.3225, 0.02, 0.0075, 0.0025], [0.15, 0.1325, 0.005, 0.0, 0.0025, 1.0, 0.735, 0.0125, 0.0, 0.0025], [0.0025, 0.005, 0.01, 0.0025, 0.3225, 0.735, 1.0, 0.0025, 0.025, 0.0025], [0.01, 0.0575, 0.03, 0.0, 0.02, 0.0125, 0.0025, 1.0, 0.03, 0.025], [0.6625, 0.015, 0.0075, 0.0025, 0.0075, 0.0, 0.025, 0.03, 1.0, 0.0075], [0.0075, 0.005, 0.7875, 0.015, 0.0025, 0.0025, 0.0025, 0.025, 0.0075, 1.0]]}