{"_meta": {"measure_type": "direct_information_based", "measure_name": "group_IC_IC_log_naive"}, "similarities": [[1.0, 0.04682245476093688, 0.07507364509733888, 0.10851375497771609, 0.041555530873896296, 0.0744783954985935, 0.0, 0.0, 0.05714261841190488, 0.14785099504938157], [0.04682245476093688, 1.0, 0.40823914778489234, 0.40806495159734835, 0.24650993078105524, 0.05171715444146415, 0.0, 0.0, 0.10812060015774343, 0.046125343172485074], [0.07507364509733888, 0.40823914778489234, 1.0, 0.6864315036318026, 0.326493189424114, 0.0, 0.0, 0.0, 0.1564211060156066, 0.0], [0.10851375497771609, 0.40806495159734835, 0.6864315036318026, 1.0, 0.32638176132799473, 0.0, 0.0, 0.0, 0.15634761425626117, 0.0], [0.041555530873896296, 0.24650993078105524, 0.326493189424114, 0.32638176132799473, 1.0, 0.0, 0.0, 0.0, 0.09081452420124209, 0.0], [0.0744783954985935, 0.05171715444146415, 0.0, 0.0, 0.0, 1.0, 0.24301148034714706, 0.10831896892267102, 0.0, 0.05467883137760092], [0.0, 0.0, 0.0, 0.0, 0.0, 0.24301148034714706, 1.0, 0.0856472798341059, 0.0, 0.021487366815286204], [0.0, 0.0, 0.0, 0.0, 0.0, 0.10831896892267102, 0.0856472798341059, 1.0, 0.0, 0.010652639506813518], [0.05714261841190488, 0.10812060015774343, 0.1564211060156066, 0.15634761425626117, 0.09081452420124209, 0.0, 0.0, 0.0, 1.0, 0.010208378591959631], [0.14785099504938157, 0.046125343172485074, 0.0, 0.0, 0.0, 0.05467883137760092, 0.021487366815286204, 0.010652639506813518, 0.010208378591959631, 1.0]]}