{"_meta": {"measure_type": "indirect_information_based", "measure_name": "average_similarity_NUnivers_IC_log_naive"}, "similarities": [[0.13580246913580246, 0.050536554075905515, 0.06010383520434982, 0.0867820323053646, 0.04484060690984893, 0.018047234227934344, 0.0, 0.0, 0.10308315528033206, 0.027820623496209958], [0.050536554075905515, 0.36306668902081274, 0.11903334451040638, 0.1587111260138752, 0.202087170467879, 0.047692593536111536, 0.0, 0.0, 0.08006367466733263, 0.11648694994047415], [0.06010383520434982, 0.11903334451040638, 0.25, 0.08333333333333333, 0.11431910678703885, 0.0, 0.0, 0.0, 0.08006367466733263, 0.0], [0.08678203230536459, 0.1587111260138752, 0.08333333333333333, 0.3333333333333333, 0.1524254757160518, 0.0, 0.0, 0.0, 0.10675156622311018, 0.0], [0.04484060690984893, 0.202087170467879, 0.11431910678703885, 0.1524254757160518, 0.2338809326272899, 0.0, 0.0, 0.0, 0.06744945037028323, 0.0], [0.018047234227934344, 0.047692593536111536, 0.0, 0.0, 0.0, 0.2, 0.08, 0.06588018204893172, 0.0, 0.02121506105500613], [0.0, 0.0, 0.0, 0.0, 0.0, 0.08, 0.2, 0.06494356211950013, 0.0, 0.044227779590726456], [0.0, 0.0, 0.0, 0.0, 0.0, 0.06588018204893172, 0.06494356211950013, 0.16666666666666666, 0.0, 0.01125570681718979], [0.10308315528033206, 0.08006367466733263, 0.08006367466733263, 0.10675156622311018, 0.06744945037028323, 0.0, 0.0, 0.0, 0.5369625321804169, 0.09125387594342269], [0.027820623496209958, 0.11648694994047415, 0.0, 0.0, 0.0, 0.02121506105500613, 0.044227779590726456, 0.01125570681718979, 0.09125387594342269, 0.3041729047877011]]}