{"_meta": {"measure_type": "indirect_information_based", "measure_name": "best_match_average_similarity_Resnik_IC_naive"}, "similarities": [[0.5576377875204621, 0.1768921064068273, 0.20400094996347978, 0.24587025505847052, 0.19042251203746682, 0.07638918994939603, 0.0, 0.0, 0.2172287555375853, 0.1244294702296455], [0.1768921064068273, 0.5015706806282985, 0.1858066456185165, 0.2065944744406575, 0.25987261661363975, 0.11045664386534901, 0.0, 0.0, 0.14504835772839844, 0.20092000799032458], [0.20400094996347978, 0.1858066456185165, 0.6247692634273517, 0.14551480175498704, 0.1987929439279693, 0.0, 0.0, 0.0, 0.14504835772839844, 0.0], [0.24587025505847052, 0.2065944744406575, 0.14551480175498704, 0.49397103956982163, 0.2195807727501103, 0.0, 0.0, 0.0, 0.16576955168959823, 0.0], [0.19042251203746682, 0.25987261661363975, 0.1987929439279693, 0.2195807727501103, 0.5792656259153002, 0.0, 0.0, 0.0, 0.13778582324419647, 0.0], [0.07638918994939603, 0.11045664386534901, 0.0, 0.0, 0.0, 0.4984684009391997, 0.20164128287342917, 0.1844943659247713, 0.0, 0.0841840052503548], [0.0, 0.0, 0.0, 0.0, 0.0, 0.20164128287342917, 0.495978046893131, 0.1835922267823054, 0.0, 0.11821058993399747], [0.0, 0.0, 0.0, 0.0, 0.0, 0.1844943659247713, 0.1835922267823054, 0.5789413657778358, 0.0, 0.07523180144903185], [0.2172287555375853, 0.14504835772839844, 0.14504835772839844, 0.16576955168959823, 0.13778582324419647, 0.0, 0.0, 0.0, 0.494752318790352, 0.19689912170043478], [0.1244294702296455, 0.20092000799032458, 0.0, 0.0, 0.0, 0.0841840052503548, 0.11821058993399747, 0.07523180144903185, 0.19689912170043478, 0.4822175723239022]]}