average_similarity_Lin,idea_01,idea_02,idea_03,idea_04,idea_05,idea_06,idea_07,idea_08,idea_09,idea_10
idea_01,0.13580246913580246,0.06316997607489373,0.07022745183055085,0.0970519871047096,0.05392844086854326,0.020804592085412944,0.0,0.0,0.10924105129452026,0.029209821837634913
idea_02,0.06316997607489373,0.3725378710899402,0.12376893554497011,0.16502524739329347,0.22688190394323218,0.04974861663260887,0.0,0.0,0.08285581970605937,0.1300485652319975
idea_03,0.07022745183055085,0.12376893554497011,0.25,0.08333333333333333,0.12715214728062388,0.0,0.0,0.0,0.08285581970605937,0.0
idea_04,0.0970519871047096,0.16502524739329347,0.08333333333333333,0.3333333333333333,0.16953619637416517,0.0,0.0,0.0,0.11047442627474584,0.0
idea_05,0.05392844086854325,0.22688190394323218,0.1271521472806239,0.1695361963741652,0.25600687229291713,0.0,0.0,0.0,0.07264903327914914,0.0
idea_06,0.020804592085412944,0.04974861663260887,0.0,0.0,0.0,0.2,0.08,0.0666601064996422,0.0,0.02505231484796333
idea_07,0.0,0.0,0.0,0.0,0.0,0.08,0.2,0.06648571072679475,0.0,0.050628323911471027
idea_08,0.0,0.0,0.0,0.0,0.0,0.0666601064996422,0.06648571072679475,0.16666666666666666,0.0,0.013278502297078417
idea_09,0.10924105129452026,0.08285581970605937,0.08285581970605937,0.11047442627474584,0.07264903327914914,0.0,0.0,0.0,0.5521847785759045,0.09451578588531286
idea_10,0.029209821837634913,0.1300485652319975,0.0,0.0,0.0,0.02505231484796333,0.050628323911471027,0.013278502297078417,0.09451578588531286,0.3292240850346441
