best_match_max_similarity_Lin,idea_01,idea_02,idea_03,idea_04,idea_05,idea_06,idea_07,idea_08,idea_09,idea_10
idea_01,1.0,0.3788221866503838,0.4334323584832409,0.6298649019378426,0.38549701582433954,0.17213858213012156,0.0,0.0,0.6521130591130809,0.2551994260482243
idea_02,0.3788221866503838,1.0,0.4770622380472369,0.4770622380472369,0.479161244120201,0.2440952369561272,0.0,0.0,0.3233639152778031,0.5018485133040854
idea_03,0.4334323584832409,0.4770622380472369,1.0,0.3333333333333333,0.4781532618936171,0.0,0.0,0.0,0.3233639152778031,0.0
idea_04,0.6298649019378426,0.4770622380472369,0.3333333333333333,1.0,0.4781532618936171,0.0,0.0,0.0,0.3233639152778031,0.0
idea_05,0.38549701582433954,0.479161244120201,0.4781532618936171,0.4781532618936171,1.0,0.0,0.0,0.0,0.3233639152778031,0.0
idea_06,0.17213858213012156,0.2440952369561272,0.0,0.0,0.0,1.0,0.4,0.39761237873583655,0.0,0.16399326460163183
idea_07,0.0,0.0,0.0,0.0,0.0,0.4,1.0,0.3898228592002296,0.0,0.2416204140612689
idea_08,0.0,0.0,0.0,0.0,0.0,0.39761237873583655,0.3898228592002296,1.0,0.0,0.09115788855257627
idea_09,0.6521130591130809,0.3233639152778031,0.3233639152778031,0.3233639152778031,0.3233639152778031,0.0,0.0,0.0,1.0,0.6521130591130809
idea_10,0.2551994260482243,0.5018485133040854,0.0,0.0,0.0,0.16399326460163183,0.2416204140612689,0.09115788855257627,0.6521130591130809,0.8571428571428571
