best_match_average_similarity_CMatch,idea_01,idea_02,idea_03,idea_04,idea_05,idea_06,idea_07,idea_08,idea_09,idea_10
idea_01,1.0,0.6977292063368303,0.6556757087148267,0.7485161022217184,0.693898512719813,0.5226104577007524,0.6606471259641422,0.6954024883505431,0.784816523921382,0.6728999118605044
idea_02,0.6977292063368303,1.0,0.7955281065934694,0.7090994149708123,0.7871973641303439,0.5445424161395588,0.6041403259369693,0.678307351449623,0.7499355275879867,0.7385331769210839
idea_03,0.6556757087148267,0.7955281065934694,1.0,0.7023723707488203,0.6622941947949584,0.582824542948903,0.6217219657736899,0.6591823281690046,0.757912778898393,0.7073285705556467
idea_04,0.7485161022217184,0.7090994149708123,0.7023723707488203,1.0,0.6663234259708766,0.513833208414237,0.5675466028685805,0.5769243250209086,0.6868727598566308,0.6003143506186603
idea_05,0.693898512719813,0.7871973641303439,0.6622941947949584,0.6663234259708766,1.0,0.5276384113722479,0.5869285661996273,0.667105810323342,0.7203783896654921,0.6759250121331651
idea_06,0.5226104577007524,0.5445424161395588,0.582824542948903,0.513833208414237,0.5276384113722479,1.0,0.7429235955651536,0.7551228924938684,0.4917335614980087,0.5586805062083136
idea_07,0.6606471259641422,0.6041403259369693,0.6217219657736899,0.5675466028685805,0.5869285661996273,0.7429235955651536,1.0,0.7597371127160872,0.6749302916040827,0.6190190579902353
idea_08,0.6954024883505431,0.678307351449623,0.6591823281690046,0.5769243250209086,0.667105810323342,0.7551228924938684,0.7597371127160872,1.0,0.7248810260127656,0.7111013114508571
idea_09,0.784816523921382,0.7499355275879867,0.757912778898393,0.6868727598566308,0.7203783896654921,0.4917335614980087,0.6749302916040827,0.7248810260127656,1.0,0.73854305439931
idea_10,0.6728999118605044,0.7385331769210839,0.7073285705556467,0.6003143506186603,0.6759250121331651,0.5586805062083136,0.6190190579902353,0.7111013114508571,0.73854305439931,1.0
