{"_meta": {"session_id": "78ea8dbe-2d7a-47f7-81a8-f641cf9a0412", "passed_attention_check": "True", "clarity": "3", "double_check_pair": "0ff8eca7-60a4-402f-a676-abb682b6678e,2b49a20d-3777-4cf7-bc2a-d5cee05cadb7", "double_check_diff": 0.3725, "fulltextFeedback": "", "assignmentId": "3BV8HQ2ZZX8DHU7L2RTOBPRJSUFA6V"}, "similarities": [[1.0, 0.6225, 0.77, 0.8, 0.2625, 0.205, 0.13, 0.21, 0.8725, 0.075], [0.6225, 1.0, 0.63, 0.565, 0.35, 0.3775, 0.0475, 0.1325, 0.555, 0.6375], [0.77, 0.63, 1.0, 0.455, 0.025, 0.03, 0.135, 0.26, 0.3425, 0.8075], [0.8, 0.565, 0.455, 1.0, 0.045, 0.07, 0.0825, 0.01, 0.4, 0.5725], [0.2625, 0.35, 0.025, 0.045, 1.0, 0.9525, 0.77, 0.26, 0.6175, 0.215], [0.205, 0.3775, 0.03, 0.07, 0.9525, 1.0, 0.7075, 0.11, 0.0575, 0.0325], [0.13, 0.0475, 0.135, 0.0825, 0.77, 0.7075, 1.0, 0.205, 0.3125, 0.17], [0.21, 0.1325, 0.26, 0.01, 0.26, 0.11, 0.205, 1.0, 0.435, 0.5825], [0.8725, 0.555, 0.3425, 0.4, 0.6175, 0.0575, 0.3125, 0.435, 1.0, 0.53], [0.075, 0.6375, 0.8075, 0.5725, 0.215, 0.0325, 0.17, 0.5825, 0.53, 1.0]]}