{"_meta": {"session_id": "b154ae1d-2b1f-4392-9cef-2bb27266e156", "passed_attention_check": true, "clarity": 4, "fulltextFeedback": null, "assignmentId": "3EFE17QCRDCXEFDWFA6JTGAGSZDSHY", "double_check_pair": "idea_05,idea_09", "double_check_similarity": {"first": 0.255, "second": 0.0}}, "similarities": [[1.0, 0.845, 0.4975, 0.165, 0.0, 0.0, 0.0, 0.0, 0.6175, 0.0], [0.845, 1.0, 0.75, 0.4975, 0.0, 0.0, 0.0, 0.0, 0.0, 0.0], [0.4975, 0.75, 1.0, 0.495, 0.0, 0.0, 0.0, 0.0, 0.0, 0.0725], [0.165, 0.4975, 0.495, 1.0, 0.0, 0.0, 0.0, 0.0, 0.12, 0.0], [0.0, 0.0, 0.0, 0.0, 1.0, 1.0, 0.75, 0.0, 0.255, 0.0], [0.0, 0.0, 0.0, 0.0, 1.0, 1.0, 0.8825, 0.0, 0.0, 0.0], [0.0, 0.0, 0.0, 0.0, 0.75, 0.8825, 1.0, 0.0, 0.0, 0.0], [0.0, 0.0, 0.0, 0.0, 0.0, 0.0, 0.0, 1.0, 0.4925, 0.0], [0.6175, 0.0, 0.0, 0.12, 0.255, 0.0, 0.0, 0.4925, 1.0, 0.4975], [0.0, 0.0, 0.0725, 0.0, 0.0, 0.0, 0.0, 0.0, 0.4975, 1.0]]}