{"_meta": {"session_id": "4a32d856-a318-46ef-a357-338147dc39d3", "passed_attention_check": true, "clarity": 1, "fulltextFeedback": "I think there should be more practice examples to fully understand what possible pair ratings could be", "assignmentId": "3M68NM076IE5GBT242FA6FGUXJF6RO", "double_check_pair": "idea_01,idea_03", "double_check_similarity": {"first": 0.265, "second": 0.4025}}, "similarities": [[1.0, 0.205, 0.265, 0.8425, 0.6175, 0.185, 0.3525, 0.2975, 0.8025, 0.305], [0.205, 1.0, 0.335, 0.5775, 0.255, 0.6475, 0.305, 0.16, 0.345, 0.625], [0.265, 0.335, 1.0, 0.655, 0.27, 0.3075, 0.1425, 0.26, 0.35, 0.135], [0.8425, 0.5775, 0.655, 1.0, 0.695, 0.265, 0.46, 0.2825, 0.0225, 0.6475], [0.6175, 0.255, 0.27, 0.695, 1.0, 1.0, 0.655, 0.3575, 0.1525, 0.345], [0.185, 0.6475, 0.3075, 0.265, 1.0, 1.0, 0.89, 0.34, 0.3425, 0.265], [0.3525, 0.305, 0.1425, 0.46, 0.655, 0.89, 1.0, 0.765, 0.135, 0.495], [0.2975, 0.16, 0.26, 0.2825, 0.3575, 0.34, 0.765, 1.0, 0.565, 0.645], [0.8025, 0.345, 0.35, 0.0225, 0.1525, 0.3425, 0.135, 0.565, 1.0, 0.355], [0.305, 0.625, 0.135, 0.6475, 0.345, 0.265, 0.495, 0.645, 0.355, 1.0]]}