{"_meta": {"session_id": "5316977e-c7fe-45a0-a870-1671e6b0b665", "passed_attention_check": true, "clarity": 3, "fulltextFeedback": "It would be nice to see the actual number of our rating when we drag the bar on either side.", "assignmentId": "3VHHR074H4ODHDCUISN6QH7RM1Z7LL", "double_check_pair": "idea_04,idea_09", "double_check_similarity": {"first": 0.565, "second": 0.665}}, "similarities": [[1.0, 0.4075, 0.7075, 0.7225, 0.645, 0.6725, 0.0, 0.8425, 0.8225, 0.425], [0.4075, 1.0, 0.975, 0.6875, 0.9425, 0.75, 0.0975, 0.78, 0.405, 0.675], [0.7075, 0.975, 1.0, 0.8025, 0.785, 0.6425, 0.855, 0.585, 0.465, 0.6975], [0.7225, 0.6875, 0.8025, 1.0, 0.0, 0.62, 0.7325, 0.8125, 0.565, 0.835], [0.645, 0.9425, 0.785, 0.0, 1.0, 0.9325, 0.58, 0.6325, 0.695, 0.1575], [0.6725, 0.75, 0.6425, 0.62, 0.9325, 1.0, 0.72, 0.625, 0.4125, 0.33], [0.0, 0.0975, 0.855, 0.7325, 0.58, 0.72, 1.0, 0.6175, 0.655, 0.435], [0.8425, 0.78, 0.585, 0.8125, 0.6325, 0.625, 0.6175, 1.0, 0.745, 0.745], [0.8225, 0.405, 0.465, 0.565, 0.695, 0.4125, 0.655, 0.745, 1.0, 0.7225], [0.425, 0.675, 0.6975, 0.835, 0.1575, 0.33, 0.435, 0.745, 0.7225, 1.0]]}